id,name,x,y,capacity,0:00,0:30,01:00,01:30,02:00,02:30,03:00,03:30,04:00,04:30,05:00,05:30,06:00,06:30,07:00,07:30,08:00,08:30,09:00,09:30,10:00,10:30,11:00,11:30,12:00,12:30,13:00,13:30,14:00,14:30,15:00,15:30,16:00,16:30,17:00,17:30,18:00,18:30,19:00,19:30,20:00,20:30,21:00,21:30,22:00,22:30,23:00,23:30
1,River Street  Clerkenwell,531201,182838,18,2,2,2,2,2,2,2,2,2,2,2,2,2,1,0,0,0,1,0,0,0,0,0,3,8,8,9,10,10,10,11,12,11,8,6,6,3,8,8,10,10,8,7,13,15,15,15,15
2,Phillimore Gardens Kensington,525206,179397,37,5,5,5,5,5,5,5,5,5,5,6,6,6,6,6,4,3,5,5,6,6,7,5,5,4,4,5,5,4,4,4,4,6,8,8,5,4,4,5,4,6,7,7,7,7,7,7,7
3,Christopher Street Liverpool Street,532984,182007,30,8,8,8,8,8,8,8,8,8,8,9,9,10,12,14,4,9,19,30,31,31,31,30,23,22,23,23,23,23,22,22,20,16,15,11,8,5,3,4,1,0,0,0,0,0,0,0,0
4,St. Chad's Street King's Cross,530436,182918,21,16,16,14,14,14,14,15,15,15,15,15,15,15,7,18,11,3,0,0,0,0,17,18,18,18,14,16,17,18,18,3,3,5,9,10,14,22,22,21,9,12,10,11,11,10,11,11,11
5,Sedding Street Sloane Square,528049,178748,26,20,20,20,20,20,20,20,20,20,19,19,19,19,19,20,20,24,23,22,22,23,23,21,22,22,21,22,23,24,24,22,22,22,24,24,3,0,2,1,2,3,4,3,3,3,1,3,3
6,Broadcasting House Marylebone,528856,181548,18,0,0,0,0,0,0,0,0,0,0,0,0,0,5,5,7,9,11,15,16,17,17,17,17,15,17,16,16,16,17,11,12,12,3,2,0,2,0,0,0,2,3,4,3,3,1,0,0
7,Charlbert Street St. John's Wood,527157,183306,16,5,5,4,4,4,4,4,4,4,4,4,4,4,3,2,2,2,1,0,0,0,0,0,2,6,5,6,4,4,4,4,5,6,7,6,7,10,9,10,13,12,10,11,11,12,14,14,14
8,Lodge Road St. John's Wood,527031,182640,17,12,13,13,13,13,13,13,13,13,13,13,13,13,13,12,12,12,11,11,11,11,11,11,11,11,11,11,11,11,11,11,11,11,11,11,11,12,11,10,10,10,10,10,10,10,10,11,12
9,New Globe Walk Bankside,532203,180440,18,8,8,8,8,8,8,8,8,8,8,8,9,9,9,10,10,15,14,16,16,16,16,16,16,14,13,10,7,9,11,10,12,9,7,1,0,4,4,5,2,3,2,2,1,4,4,3,3
10,Park Street Bankside,532463,180290,18,14,14,14,14,14,14,14,14,14,14,15,15,16,17,17,14,15,17,17,17,16,15,15,15,16,15,16,15,16,14,11,9,13,13,10,6,6,4,3,3,5,4,4,4,4,4,4,4
11,Brunswick Square Bloomsbury,530347,182236,24,16,15,15,15,15,15,15,14,14,14,14,14,14,14,14,17,21,16,13,11,8,4,2,0,0,18,18,19,19,20,21,19,16,17,18,18,14,17,18,18,17,14,13,12,8,8,6,6
12,Malet Street Bloomsbury,529804,181969,47,4,4,5,5,7,7,6,6,6,6,6,7,7,7,7,6,11,18,25,31,17,22,29,33,32,33,29,30,31,30,31,33,32,23,16,5,0,1,0,1,0,0,0,0,0,0,0,0
13,Scala Street Fitzrovia,529419,181763,21,2,2,1,1,1,1,1,1,1,1,1,1,1,1,1,3,4,9,13,19,19,21,21,12,12,12,14,15,20,21,20,20,20,17,16,7,0,0,0,0,0,1,0,0,0,0,0,0
14,Belgrove Street  King's Cross,530253,182900,18,4,4,5,6,6,6,6,6,6,7,8,8,2,0,13,7,7,0,1,8,0,0,2,1,2,1,3,1,2,4,12,11,3,4,8,14,16,5,1,4,5,7,7,10,10,13,14,13
15,Great Russell Street Bloomsbury,529994,181534,25,1,1,1,1,1,1,1,1,1,1,1,1,1,2,2,1,3,11,16,22,24,24,23,24,24,24,24,24,24,25,24,25,19,18,16,11,8,6,3,1,0,0,0,0,0,0,0,0
16,Cartwright Gardens  Bloomsbury,530099,182497,18,17,17,17,21,21,21,21,21,21,21,21,21,20,19,17,14,14,0,0,2,3,3,1,1,1,2,18,19,18,18,21,22,21,9,8,13,16,19,20,19,18,19,19,20,18,20,19,19
17,Hatton Wall Holborn,531290,182005,24,5,3,3,4,4,6,6,6,6,6,6,7,7,7,6,5,10,15,23,23,23,23,21,23,20,16,15,15,18,16,16,17,19,15,14,2,0,13,7,5,4,1,4,3,2,3,2,2
18,Drury Lane Covent Garden,530393,181215,26,0,2,2,2,2,2,2,4,2,2,2,2,2,0,0,1,6,14,17,18,23,24,24,24,17,19,17,18,16,19,24,20,13,13,15,12,7,0,2,1,0,0,1,2,0,0,1,0
19,Taviton Street Bloomsbury,529743,182343,28,14,14,14,14,16,16,16,16,16,16,16,16,16,16,17,10,1,1,2,2,2,6,7,9,8,8,11,11,9,9,11,9,12,11,8,16,23,23,23,25,23,21,17,16,15,15,14,12
20,Drummond Street  Euston,529450,182634,28,19,19,19,19,19,19,19,19,19,18,18,17,17,13,0,0,0,2,0,4,4,2,2,3,3,2,1,1,2,4,4,4,5,13,20,24,25,20,20,20,21,22,22,22,21,21,21,21
21,Hampstead Road (Cartmel) Euston,529196,182888,16,10,10,10,10,10,10,10,10,10,9,9,9,9,8,8,7,6,3,2,2,2,2,2,2,1,0,0,9,8,8,9,10,10,9,8,8,8,4,7,8,8,7,8,9,9,8,9,9
22,Northington Street  Holborn,530936,182063,18,5,5,5,5,4,4,4,4,4,4,4,5,7,7,4,2,1,7,14,15,14,15,11,11,11,15,12,12,12,12,13,11,13,10,9,4,0,0,1,1,2,3,2,2,3,2,2,2
23,Red Lion Square Holborn,530594,181740,16,3,3,2,2,2,2,2,2,2,2,2,1,1,0,2,4,7,6,8,8,10,10,10,11,12,13,13,16,16,14,14,14,11,9,8,0,0,0,0,0,0,1,3,3,0,0,0,0
24,British Museum Bloomsbury,530210,181690,35,1,2,1,1,1,1,1,1,1,1,1,1,1,4,6,6,10,16,28,32,32,32,32,31,31,30,30,29,32,31,28,30,32,26,19,8,3,0,2,2,1,0,0,0,0,1,4,4
25,Doric Way  Somers Town,529657,182761,30,11,11,11,11,11,11,11,11,11,11,12,11,11,8,21,11,5,4,0,1,0,1,1,3,2,2,3,0,0,2,3,3,5,12,11,15,24,24,21,22,21,21,23,22,21,20,21,19
26,Ampton Street  Clerkenwell,530629,182614,20,17,17,17,17,17,17,17,17,17,17,17,17,17,17,17,14,10,8,3,3,4,1,1,1,1,0,8,18,18,17,13,14,2,4,2,1,10,14,18,20,19,20,20,10,10,10,12,12
27,Bouverie Street Temple,531387,181135,18,0,0,0,0,0,0,0,0,0,0,0,0,1,2,1,6,13,16,17,17,16,13,14,14,14,14,13,11,11,15,12,13,10,10,6,3,0,0,1,0,0,0,0,0,0,0,0,0
28,Bolsover Street Fitzrovia,528884,182150,19,1,1,1,1,1,2,2,2,2,2,2,2,2,1,2,3,0,2,12,14,14,13,12,12,11,11,7,7,5,8,6,5,5,7,3,0,1,0,0,0,0,0,1,0,1,0,0,0
29,Hereford Road Bayswater,525451,180976,22,8,9,9,9,9,9,9,9,9,9,10,9,9,9,5,1,0,0,0,0,1,0,0,1,1,1,3,3,4,4,4,2,2,2,4,6,8,8,10,12,13,12,12,11,11,11,12,12
30,Windsor Terrace Hoxton,532349,182867,24,1,1,1,1,1,1,1,1,1,1,1,1,1,1,1,1,0,1,1,0,0,1,2,2,9,7,7,7,6,6,6,7,7,7,8,7,9,11,16,18,20,20,20,20,20,20,20,20
31,Fanshaw Street Hoxton,533047,182927,33,16,16,17,17,17,17,17,18,18,18,17,17,17,18,18,18,14,11,5,4,4,3,3,2,1,1,0,0,14,13,14,14,13,14,17,14,18,18,18,21,23,20,22,20,21,21,20,21
32,Leonard Circus  Shoreditch,532985,182387,39,15,15,15,15,15,15,15,15,15,15,15,15,14,14,16,18,27,40,39,40,28,35,34,35,33,37,39,39,40,40,38,36,34,30,27,19,9,2,3,3,1,14,14,11,11,5,6,6
33,Altab Ali Park Whitechapel,534161,181541,15,0,0,8,10,10,10,10,10,10,10,10,10,9,6,6,3,5,2,1,0,4,5,6,6,5,2,0,0,0,1,3,2,4,3,4,7,8,7,8,5,5,7,5,5,5,2,7,7
34,Pancras Road King's Cross,529841,183354,14,8,6,6,6,6,6,6,6,6,6,6,6,6,5,0,0,2,0,1,1,1,0,1,1,1,1,1,1,1,1,0,0,0,1,2,2,8,11,11,14,15,7,4,3,3,4,3,6
36,De Vere Gardens Kensington,526074,179656,28,10,10,10,10,10,10,10,10,10,10,10,10,9,9,10,11,14,15,15,14,13,14,16,15,14,14,11,14,13,11,14,16,11,11,10,9,9,12,8,7,7,6,6,7,7,7,7,7
37,Penywern Road Earl's Court,525589,178515,16,17,17,17,17,17,17,17,17,17,17,17,17,16,16,16,16,14,13,12,13,13,13,13,12,13,14,14,14,14,14,14,15,14,15,17,17,17,17,15,17,16,15,16,16,16,16,16,16
38,Abingdon Villas Kensington,525235,179151,15,6,6,6,6,6,6,6,6,6,6,6,6,5,5,5,4,4,4,5,5,5,5,5,5,5,6,4,4,4,4,6,6,7,5,6,5,7,7,9,9,11,14,14,13,13,13,15,15
39,Shoreditch High Street Shoreditch,533418,182586,40,23,25,25,25,25,25,25,24,24,24,24,25,24,24,25,24,21,16,17,19,19,25,27,27,27,28,30,32,32,31,32,31,35,38,38,34,36,39,37,41,39,39,22,22,22,22,22,17
40,Commercial Street Shoreditch,533610,182022,16,2,3,3,3,3,3,3,3,3,3,3,3,3,2,0,0,1,9,13,12,13,15,16,16,16,2,3,2,3,2,3,2,0,3,5,5,3,5,3,1,2,1,2,0,0,0,0,0
41,Sun Street Liverpool Street,533036,181867,24,3,3,3,3,3,3,3,3,3,3,3,4,8,10,10,2,6,3,6,11,11,12,12,12,11,10,9,11,12,12,12,12,13,17,18,14,21,12,10,7,1,1,0,1,1,0,0,0
42,Wenlock Road  Hoxton,532311,183070,24,18,18,18,18,18,18,18,18,18,18,18,18,18,13,13,7,0,0,0,0,18,18,17,19,19,18,18,17,19,18,19,20,19,18,21,25,27,26,27,27,27,26,19,19,20,21,21,21
43,Crawford Street Marylebone,527952,181764,16,13,12,13,13,13,13,13,13,13,13,13,13,13,12,12,13,6,3,1,1,0,0,0,0,2,2,4,4,2,1,1,2,2,3,3,4,12,12,8,10,8,9,9,11,10,10,13,9
44,Bruton Street Mayfair,528882,180728,20,6,6,6,6,6,6,6,6,6,6,6,6,6,6,7,7,6,14,16,18,19,19,18,18,18,19,11,9,9,9,10,11,10,10,9,5,0,0,0,2,1,0,0,0,2,2,2,1
45,Harewood Avenue Marylebone,527484,181981,16,12,12,12,12,12,12,12,12,12,12,12,12,10,7,2,1,1,15,11,10,7,6,5,3,0,1,0,9,8,7,6,9,10,13,11,14,16,13,15,14,12,14,14,12,11,11,12,12
46,Nesham Street Wapping,534253,180465,15,14,14,14,14,14,14,14,14,14,14,15,15,14,15,15,15,13,14,15,15,12,13,12,14,12,13,14,14,14,14,12,14,14,12,12,14,13,9,10,9,13,11,14,14,14,14,15,15
47,Warwick Avenue Station Maida Vale,526093,182061,18,14,14,14,14,14,14,14,14,14,14,14,14,13,12,6,0,0,0,0,0,0,0,0,0,0,0,1,1,0,0,1,2,7,8,9,11,14,17,17,17,17,18,15,16,16,16,17,18
48,Godliman Street St. Paul's,532001,181002,24,3,5,5,5,5,5,5,5,5,5,5,5,5,3,4,13,19,19,19,20,18,18,19,18,17,15,16,17,16,16,16,14,12,13,14,8,1,0,0,1,0,0,0,0,0,0,0,0
49,Curzon Street Mayfair,528771,180317,16,4,4,4,4,5,5,5,4,4,4,4,5,5,5,7,2,6,11,12,13,13,12,13,12,11,11,11,12,11,7,8,8,9,9,7,5,0,0,1,0,1,1,1,0,0,0,0,0
50,East Road Hoxton,532764,182824,27,13,13,13,13,13,13,13,12,12,12,12,12,12,10,9,8,9,8,8,6,7,8,7,10,10,8,5,2,1,3,3,4,4,4,1,0,2,3,6,6,5,6,6,6,7,11,11,11
51,Finsbury Library  Finsbury,531602,182576,29,23,23,23,20,20,17,17,17,17,17,17,17,17,17,15,15,14,11,13,18,19,17,19,19,18,19,17,17,16,14,13,13,9,8,7,3,5,4,4,4,4,11,11,11,17,16,16,16
52,Roscoe Street St. Luke's,532262,182174,16,8,8,8,8,8,8,8,8,8,8,8,7,6,3,1,2,2,8,8,5,7,6,7,8,9,10,9,8,8,8,9,9,10,12,12,3,9,7,6,6,8,8,10,8,8,7,8,8
53,Grafton Street Mayfair,528930,180646,17,9,9,9,9,9,9,9,9,9,9,9,9,9,9,9,9,15,18,12,18,8,9,11,11,11,13,13,14,15,16,15,14,14,14,11,4,0,1,2,0,1,0,0,0,0,0,0,0
54,Golden Lane Barbican,532298,182041,25,1,1,1,1,1,1,1,1,1,1,1,1,1,0,0,6,5,10,15,15,12,14,16,16,18,18,19,18,18,19,19,20,19,19,18,19,20,12,12,7,4,1,2,3,1,1,1,2
55,Finsbury Circus Liverpool Street,532852,181535,30,2,2,2,2,2,2,2,2,4,4,4,3,4,7,5,5,4,9,9,8,8,25,26,24,25,28,25,26,25,26,28,30,26,31,25,28,21,18,16,15,9,7,5,5,3,0,0,0
56,Paddington Street Marylebone,528123,181804,15,6,6,6,6,6,6,6,6,6,6,6,6,6,5,2,2,1,2,3,3,5,3,6,8,9,9,7,6,7,8,7,7,8,7,8,7,6,9,11,10,12,12,12,12,10,8,7,7
57,Guilford Street  Bloomsbury,530508,182173,37,19,19,19,19,19,19,19,19,19,19,17,10,10,10,11,14,17,23,25,28,28,30,33,34,36,37,27,22,24,23,24,24,23,22,24,23,20,15,15,12,4,4,5,4,3,3,3,4
58,New Inn Yard Shoreditch,533346,182378,19,14,15,15,15,15,15,15,15,15,15,15,15,15,15,17,18,16,11,12,15,15,15,16,16,16,17,17,16,14,12,14,13,15,16,16,12,13,13,12,12,11,10,9,9,9,9,10,10
59,Rodney Street Angel,530892,183119,30,8,8,8,8,8,8,8,8,8,8,8,8,8,8,8,7,4,0,0,0,0,0,3,3,5,6,6,5,6,4,4,5,4,3,2,2,1,6,6,7,7,9,8,8,12,12,12,12
60,Lisson Grove St. John's Wood,526893,182426,18,7,7,7,7,7,7,7,7,7,7,7,7,7,7,6,6,6,4,2,3,2,2,1,1,0,1,0,0,1,1,0,0,0,3,3,2,3,2,4,3,3,3,3,3,3,3,3,3
61,Great Dover Street Borough,532717,179340,31,31,30,30,30,30,30,30,30,30,30,30,30,30,27,26,24,18,13,7,6,4,4,4,3,3,3,3,4,5,5,5,5,4,4,5,9,13,16,22,24,27,30,31,31,31,31,32,32
62,Cotton Garden Estate Kennington,531565,178573,23,15,15,15,15,15,15,15,15,15,15,14,14,14,14,12,12,9,6,5,5,3,5,3,3,4,4,5,6,7,7,6,6,6,6,6,6,8,9,8,9,10,11,11,11,14,14,14,15
63,Murray Grove  Hoxton,532597,183066,27,11,12,12,12,12,12,12,12,12,12,11,11,11,11,10,9,7,0,1,1,1,1,1,0,0,0,0,18,19,18,18,18,19,19,18,18,19,18,20,20,21,23,23,24,25,26,26,26
64,William IV Street Strand,530233,180620,25,1,1,1,1,1,1,1,1,1,1,1,1,1,2,0,3,2,1,7,10,10,10,11,15,16,18,21,21,21,19,21,23,25,24,20,22,23,22,17,18,3,2,5,3,0,0,0,0
65,Gower Place  Euston,529463,182355,16,11,11,13,13,14,14,14,14,14,14,14,14,14,14,15,9,3,0,4,10,10,11,13,13,13,13,12,12,11,11,10,10,2,1,1,4,1,0,1,0,0,0,0,7,8,7,7,7
66,Holborn Circus Holborn,531325,181593,22,2,2,2,2,2,2,2,2,2,2,2,2,2,3,2,13,19,20,20,20,20,20,19,18,18,21,21,21,21,19,15,14,18,12,5,0,0,0,0,0,0,1,1,0,0,0,0,0
67,Hatton Garden Holborn,531366,181691,28,2,1,1,1,1,1,1,1,1,1,1,2,3,5,6,1,6,25,28,12,11,15,16,16,17,16,18,16,16,15,14,18,26,23,21,10,0,13,1,1,3,0,0,0,0,0,0,0
68,Theobalds Road  Holborn,530760,181873,25,2,0,0,0,0,0,0,0,0,0,0,0,0,1,3,4,9,12,18,22,20,20,20,20,20,17,18,20,20,18,15,14,9,6,5,1,0,2,1,2,2,3,1,5,5,4,4,4
69,Euston Road Euston,529515,182469,23,12,12,12,12,12,12,12,12,12,12,13,13,13,12,9,0,0,1,1,6,5,5,5,6,5,5,5,5,3,4,5,6,7,10,12,12,13,16,17,19,18,16,17,13,13,12,11,11
70,Calshot Street  King's Cross,530703,183069,23,17,19,17,17,15,15,15,15,14,14,14,16,15,14,15,15,17,10,8,4,5,4,3,3,3,1,0,18,19,19,19,21,20,21,22,20,23,22,23,23,23,19,13,16,16,17,16,18
71,Newgate Street  St. Paul's,532012,181329,33,0,0,0,0,0,0,0,0,0,0,0,0,1,5,3,3,6,17,6,8,11,11,11,23,21,22,20,18,17,15,11,9,6,15,27,20,1,1,0,0,0,0,1,2,1,2,1,1
72,Farringdon Lane Clerkenwell,531331,182213,16,6,6,6,6,6,6,6,6,6,6,6,6,6,7,7,8,13,14,16,16,16,14,14,15,16,7,6,7,9,9,7,10,8,7,4,1,2,0,0,0,0,0,1,1,1,2,1,1
73,Old Street Station St. Luke's,532702,182494,35,2,2,3,3,3,3,3,3,4,4,5,5,5,5,7,11,17,26,31,32,31,32,32,32,30,31,31,32,32,32,19,16,17,18,13,8,3,1,3,7,5,2,0,0,2,0,0,0
74,Vauxhall Cross Vauxhall,530319,178003,16,17,17,17,17,17,17,17,17,17,16,16,16,17,14,12,11,9,5,5,6,2,1,3,4,2,1,0,0,1,2,3,2,1,3,3,1,9,16,16,15,16,16,15,15,16,15,15,14
75,Torrens Street Angel,531504,183184,19,14,14,13,12,12,12,12,12,12,13,14,15,15,14,15,13,9,10,2,2,1,1,0,1,2,0,1,8,8,4,5,6,0,1,2,5,5,11,12,12,15,15,15,14,14,12,11,11
76,Longford Street Regent's Park,528845,182380,20,1,1,1,1,2,2,2,2,2,2,2,1,1,2,18,18,17,20,19,18,17,17,16,16,16,18,19,19,18,18,18,18,17,14,5,4,3,4,4,6,6,6,6,6,6,6,6,6
77,Russell Square Station Bloomsbury,530236,182174,26,11,11,10,10,10,10,10,10,10,10,10,10,10,10,9,12,11,7,6,4,5,6,5,9,9,9,14,13,11,14,15,17,14,14,14,16,19,16,15,16,1,0,3,0,0,0,0,0
78,Sadlers Sports Centre Finsbury,531941,182379,16,4,3,3,3,3,3,3,3,2,2,2,2,4,4,4,3,6,5,17,16,17,15,15,16,17,15,10,11,12,11,14,14,15,16,16,16,6,0,1,0,0,2,7,8,8,9,8,8
79,Wansey Street Walworth,532201,178637,0,0,0,0,0,0,0,0,0,0,0,0,0,0,0,0,0,0,0,0,0,0,0,0,0,0,0,0,0,0,0,0,0,0,0,0,0,0,0,0,0,0,0,0,0,0,0,0,0
80,Webber Street  Southwark,531830,179686,22,22,22,22,22,22,22,22,22,22,22,22,22,21,21,21,20,18,17,17,15,16,17,16,17,19,19,18,16,17,16,17,17,15,16,15,16,17,18,21,21,21,22,22,22,20,21,22,23
81,Great Titchfield Street Fitzrovia,529052,181791,19,0,0,0,0,0,1,1,1,1,1,1,0,0,1,2,2,4,7,7,8,8,8,8,10,13,14,16,15,16,17,17,17,16,15,11,2,0,0,0,2,1,0,0,1,0,1,5,5
82,Chancery Lane Holborn,531155,181180,14,3,3,3,3,3,3,3,3,3,3,3,3,3,3,3,6,9,10,10,2,3,3,5,5,5,7,8,8,8,7,10,9,10,8,6,6,4,1,0,0,0,0,0,0,0,0,1,1
83,Panton Street West End,529763,180628,21,3,0,0,0,0,0,0,0,0,0,0,0,0,0,1,3,4,9,9,16,13,13,14,14,17,20,20,20,3,0,10,7,6,3,1,4,8,9,9,9,13,15,15,16,10,7,5,5
84,Breams Buildings Holborn,531114,181364,24,0,0,0,0,0,0,0,0,0,0,0,0,0,0,3,9,18,24,24,24,19,20,19,18,17,16,17,18,17,20,20,19,18,14,12,6,0,0,1,1,0,0,0,0,0,0,0,0
85,Tanner Street Bermondsey,533461,179724,17,15,15,15,15,15,15,15,15,15,15,16,16,15,15,14,12,10,5,11,15,15,14,15,13,15,15,14,15,16,15,15,13,10,11,12,14,11,9,11,11,13,15,14,15,16,16,17,17
86,Sancroft Street Vauxhall,530955,178415,23,19,21,21,21,21,21,21,21,21,21,21,21,21,20,20,16,12,8,6,6,6,4,3,3,2,2,1,1,0,1,1,1,1,1,2,4,6,8,10,10,13,12,12,12,13,14,14,14
87,Devonshire Square Liverpool Street,533339,181480,16,1,0,0,0,0,0,0,0,0,0,0,1,1,6,7,3,2,6,7,6,9,10,9,9,9,9,9,9,10,10,9,9,9,11,7,3,0,0,0,1,2,3,5,6,6,6,5,4
88,Bayley Street  Bloomsbury,529700,181623,25,2,2,2,2,0,0,0,0,0,0,0,0,0,0,2,3,5,11,20,23,23,23,24,24,24,23,22,24,24,24,24,24,24,24,22,15,10,6,0,0,0,1,0,0,0,0,0,0
89,Tavistock Place Bloomsbury,530271,182489,18,5,5,5,5,5,5,5,5,5,5,6,6,6,4,3,3,0,0,0,2,0,0,1,9,16,16,14,14,14,14,15,14,14,14,14,15,15,16,16,16,16,14,14,14,15,16,17,17
90,Harrington Square Camden Town,529165,183215,27,10,10,10,6,2,2,2,2,2,2,2,2,2,3,9,19,19,19,19,19,19,19,19,20,20,18,18,19,19,19,19,19,18,18,17,16,17,16,16,16,16,17,17,17,16,16,17,17
91,Walnut Tree Walk Vauxhall,531231,178891,20,17,17,17,17,17,17,17,17,17,17,17,17,17,14,12,9,7,2,1,1,1,1,0,0,1,3,3,3,2,3,2,3,2,4,5,4,3,8,8,12,16,15,15,16,16,16,16,17
92,Borough Road Elephant & Castle,531950,179489,41,41,41,41,41,41,41,41,41,41,41,41,41,41,40,39,40,40,38,36,36,37,38,38,39,39,39,41,41,41,39,39,39,38,38,36,36,27,25,30,30,31,33,36,38,39,39,39,39
93,Cloudesley Road Angel,531252,183422,36,8,8,8,8,8,8,8,8,8,8,8,8,23,22,18,14,3,0,0,0,0,0,1,3,4,5,6,24,24,23,19,17,15,16,17,20,22,26,31,34,35,35,34,25,25,25,26,26
94,Bricklayers Arms Borough,532976,179089,28,26,26,26,26,26,26,26,26,26,25,25,25,24,22,21,15,10,2,0,3,2,1,1,0,0,1,1,3,2,3,3,6,5,5,6,11,18,24,24,24,24,24,24,24,24,24,24,25
95,Aldersgate Street Barbican,532102,181935,14,2,2,2,2,2,0,0,0,0,0,0,0,1,0,0,2,11,13,12,12,12,12,11,10,9,8,6,6,7,7,7,7,7,10,11,7,3,1,2,0,0,5,0,0,0,1,5,4
96,Falkirk Street Hoxton,533379,183093,26,21,22,22,22,22,22,22,22,22,21,21,21,21,21,20,19,16,10,5,6,7,6,6,5,6,5,5,5,4,5,6,6,5,5,5,4,7,9,9,10,10,10,7,7,6,6,6,6
97,Gloucester Road (North) Kensington,526164,179234,16,12,12,12,12,12,12,12,12,12,12,12,12,13,13,13,13,12,11,12,9,10,9,11,9,8,7,7,8,8,9,9,10,11,9,10,12,14,16,16,16,15,15,16,16,16,16,16,16
99,Old Quebec Street Marylebone,527893,181130,15,5,5,5,6,6,6,6,6,6,6,7,7,9,11,12,10,8,9,9,6,7,8,8,8,6,7,8,8,9,6,5,3,0,0,2,1,0,2,1,0,1,1,4,0,0,1,1,2
100,Albert Embankment Vauxhall,530422,178508,24,16,16,17,18,18,18,18,18,18,18,17,17,17,17,17,17,19,20,21,22,21,20,22,22,21,21,19,22,22,21,21,20,18,18,18,15,11,16,18,22,21,22,22,22,20,20,20,20
101,Queen Street Bank,532434,180910,22,4,4,4,6,4,6,6,6,6,6,6,7,8,9,6,4,0,1,1,0,0,2,3,8,8,8,8,7,7,9,5,6,3,7,13,12,14,15,6,2,2,2,0,0,0,0,0,0
102,Jewry Street Aldgate,533549,181146,17,1,1,0,0,0,0,0,0,0,2,2,2,3,5,5,5,5,10,10,13,13,13,14,12,12,9,12,17,17,17,17,17,17,17,16,13,7,3,6,2,0,2,1,1,1,1,1,0
103,Vicarage Gate Kensington,525542,179975,17,6,6,6,6,6,6,6,6,6,6,6,6,6,6,6,2,1,0,0,0,0,1,1,2,0,0,0,0,0,1,2,2,2,7,6,7,8,7,6,6,7,7,10,10,10,10,10,10
104,Crosswall Tower,533531,180943,34,3,3,5,5,5,4,4,4,4,4,3,6,7,4,0,1,2,12,18,20,27,28,30,28,31,33,33,33,33,33,27,28,31,33,27,27,25,21,13,10,2,9,7,8,8,9,9,8
105,Westbourne Grove Bayswater,525671,181181,26,12,12,12,12,12,12,12,12,12,12,12,12,11,12,12,12,9,6,4,3,1,3,3,1,0,1,0,19,18,14,14,13,15,14,16,15,16,17,24,26,26,25,25,26,26,26,26,26
106,Woodstock Street Mayfair,528655,181097,21,6,6,6,6,6,6,6,6,6,6,6,6,6,6,6,8,5,10,18,19,19,19,18,18,17,17,17,17,16,16,15,18,17,12,8,7,3,0,0,3,0,1,2,2,1,1,1,1
107,Finsbury Leisure Centre St. Luke's,532158,182512,19,14,14,14,14,14,14,14,14,14,14,14,13,12,10,9,10,4,0,0,6,7,8,8,10,14,15,10,11,11,13,11,13,14,15,14,15,14,13,15,15,14,16,12,10,8,8,8,8
108,Abbey Orchard Street Westminster,529755,179347,29,6,6,6,6,6,6,6,4,1,1,1,1,2,2,4,13,19,27,28,29,29,29,29,26,24,27,28,25,26,27,25,25,22,20,17,6,0,0,6,7,5,5,5,5,5,7,4,3
109,Soho Square  Soho,529689,181293,31,1,1,1,1,1,1,1,1,1,2,2,3,4,3,7,2,8,19,29,29,30,30,30,30,30,30,28,30,27,27,26,23,28,28,26,18,10,3,1,2,1,2,1,1,1,1,1,1
110,Wellington Road St. John's Wood,526852,183159,17,4,4,4,4,4,4,4,4,4,4,4,4,4,4,4,4,1,0,0,0,1,1,1,1,0,0,0,0,1,1,3,3,2,0,0,4,2,2,0,0,2,4,3,3,3,3,3,3
111,Park Lane  Hyde Park,527974,180625,28,5,3,3,3,3,3,8,8,8,8,10,10,10,10,10,10,10,9,9,10,10,10,9,9,9,11,13,12,12,12,11,11,14,15,16,22,22,22,22,22,21,21,21,20,20,20,21,21
112,Stonecutter Street Holborn,531566,181361,42,2,2,2,2,2,2,2,2,2,2,3,3,5,10,3,3,8,17,31,37,38,41,41,42,42,41,42,44,41,40,44,39,41,41,26,10,0,0,0,0,17,16,12,6,4,1,0,0
113,Gloucester Road (Central) South Kensington,526206,179072,19,15,15,14,14,14,14,14,14,15,15,16,16,16,16,15,13,13,14,11,13,12,12,12,12,11,10,10,10,10,11,11,11,12,14,14,16,17,17,18,16,18,19,19,19,19,19,19,19
114,Park Road (Baker Street) Regent's Park,527816,182234,22,1,1,3,3,3,3,3,3,3,3,2,2,2,2,1,3,10,12,12,11,11,11,13,10,16,17,14,17,15,17,13,12,11,12,13,12,13,19,20,19,20,19,18,15,15,15,14,14
115,Braham Street Aldgate,533772,181243,32,6,6,4,3,4,4,0,2,2,3,3,3,3,3,5,3,10,15,19,18,15,18,20,19,19,19,19,20,18,17,19,21,19,17,7,3,0,2,23,24,26,27,25,22,21,19,20,20
116,Little Argyll Street West End,529061,181151,19,4,2,0,0,0,0,0,0,0,0,0,1,2,3,4,5,13,19,19,8,3,4,7,7,10,10,12,11,17,18,18,14,15,14,12,3,3,0,0,0,0,0,0,0,0,0,0,1
117,Lollard Street Vauxhall,530961,178794,23,19,19,19,20,20,20,20,20,20,20,20,20,20,20,20,20,20,21,20,20,20,19,19,20,20,19,19,19,20,20,19,19,18,17,16,15,15,17,17,18,19,21,21,22,22,22,22,22
118,Rochester Row Westminster,529527,179085,13,0,0,0,0,0,0,0,0,0,0,0,0,0,0,0,4,5,10,12,11,12,12,12,12,9,7,8,6,5,5,5,5,5,6,2,0,2,0,0,0,0,4,8,8,8,8,8,8
119,Bath Street St. Luke's,532537,182509,18,16,16,16,15,15,15,15,15,15,15,15,14,14,14,16,16,15,16,9,12,16,15,16,16,15,16,15,14,12,9,7,6,4,3,6,4,1,2,2,1,0,1,0,0,0,1,1,4
120,The Guildhall Guildhall,532412,181375,16,4,3,3,3,3,3,3,3,3,3,3,3,4,5,7,15,15,15,15,15,14,14,12,11,12,11,14,14,14,14,14,14,14,8,1,0,0,0,0,0,0,0,0,0,0,0,0,0
121,Baker Street Marylebone,528026,181616,21,13,13,13,13,13,13,13,13,13,13,13,13,13,13,14,18,16,19,20,19,18,20,15,12,13,14,13,14,14,12,10,8,9,10,7,5,2,1,0,0,1,0,1,3,3,3,0,0
122,Norton Folgate Liverpool Street,533382,181998,22,0,0,0,0,0,0,0,1,2,3,3,3,3,5,12,15,19,20,20,17,17,19,20,20,20,19,17,17,16,19,19,21,21,19,13,9,1,2,0,0,0,0,0,0,0,0,0,0
123,St. John Street Finsbury,531568,182758,18,7,7,7,7,4,4,4,4,4,4,4,4,4,5,5,1,0,1,2,5,6,5,5,5,3,3,3,3,3,3,1,1,0,0,0,0,1,1,1,2,2,2,3,4,12,11,12,12
124,Eaton Square Belgravia,528454,179138,20,12,12,11,11,11,11,11,11,11,11,11,11,11,11,13,13,8,8,5,5,3,3,3,2,1,3,2,4,4,2,2,2,2,2,3,4,4,9,11,11,10,9,8,7,7,15,15,15
125,Borough High Street The Borough,532355,179700,21,21,21,20,20,20,20,18,18,18,21,21,21,20,20,21,20,21,20,18,19,19,20,17,17,16,18,20,21,20,17,18,18,17,15,14,13,16,15,13,12,11,12,5,4,8,9,10,10
126,Museum of London Barbican,532169,181600,50,0,0,0,0,0,0,0,0,0,0,1,1,1,0,5,13,34,49,38,41,41,42,43,43,44,44,45,43,41,39,43,42,41,41,35,16,8,0,0,0,0,0,1,1,0,0,0,0
127,Wood Street Guildhall,532352,181515,16,2,2,2,3,3,3,3,3,3,3,3,3,3,6,11,16,16,16,16,16,16,14,13,12,12,14,11,11,12,13,13,12,9,4,0,1,0,0,1,0,0,0,0,0,0,0,0,0
128,Emperor's Gate South Kensington,526070,178946,21,16,16,16,16,16,16,16,16,16,16,16,16,15,15,15,11,9,9,6,5,5,5,6,6,6,7,9,9,9,10,11,9,8,9,9,10,11,18,20,20,17,17,19,20,20,19,21,22
129,Golden Square Soho,529373,180869,18,0,0,0,0,0,1,1,1,1,1,2,2,2,2,5,8,13,17,17,16,16,17,17,17,17,15,12,16,16,16,14,13,13,14,9,2,1,0,0,0,0,0,0,0,0,1,1,2
130,Tower Gardens  Tower,533653,180714,24,1,1,1,1,1,1,1,1,1,1,2,2,1,2,2,3,10,20,21,22,22,22,22,20,22,22,20,19,21,21,21,22,19,13,10,7,0,0,0,0,4,3,0,1,0,0,1,2
131,Eversholt Street  Camden Town,529330,183217,16,5,5,5,5,5,5,4,4,4,4,4,4,4,3,3,2,0,0,2,1,1,5,5,6,6,6,7,5,3,4,5,7,5,6,4,6,7,7,7,7,6,7,7,7,5,6,6,8
132,Bethnal Green Road Shoreditch,533660,182288,38,26,26,26,25,25,25,25,25,25,22,23,22,21,18,16,14,12,8,8,11,10,11,10,10,11,11,12,10,10,10,7,11,14,16,17,14,16,17,19,23,21,22,25,21,21,20,14,14
133,Derry Street Kensington,525626,179604,15,6,6,6,6,6,6,6,6,6,6,7,7,8,10,10,15,15,14,15,15,14,14,13,13,14,13,13,11,10,10,12,13,14,12,9,8,1,2,1,1,0,0,0,0,0,0,0,0
134,Wapping High Street Wapping,534186,180216,20,19,19,19,19,19,19,19,19,19,19,19,19,19,20,20,17,19,20,20,20,20,20,19,18,18,19,19,20,20,20,20,20,18,19,19,19,19,18,18,7,10,14,14,14,14,15,15,15
135,Clerkenwell Green Clerkenwell,531583,182190,20,3,3,3,3,3,3,3,3,3,3,3,3,3,2,3,5,10,12,18,17,18,19,19,18,20,15,17,19,18,20,20,20,20,8,11,2,0,0,1,4,5,5,5,3,4,4,3,3
136,Queen Victoria Street St. Paul's,532120,180947,30,1,1,1,1,1,1,1,1,1,1,1,1,3,3,5,13,19,23,27,30,27,27,28,27,29,29,29,27,27,27,26,26,25,22,16,0,0,1,0,0,0,0,0,0,0,0,0,0
137,Bourne Street Belgravia,528302,178503,16,10,10,10,10,10,10,10,10,10,10,10,10,10,11,10,11,10,6,6,6,6,5,6,6,8,5,2,2,0,0,0,2,2,0,0,1,0,2,4,6,6,9,10,10,10,10,12,11
138,Green Street Mayfair,527956,180875,19,2,3,3,1,1,1,1,1,1,1,3,3,3,3,4,3,3,3,3,2,2,3,3,5,5,6,7,7,6,5,5,5,1,13,12,10,10,9,12,12,1,1,1,4,3,3,3,3
139,Lambeth Road Vauxhall,530744,179011,14,11,11,11,11,11,11,11,11,11,11,11,10,9,10,10,12,12,15,16,16,16,15,14,13,13,11,11,12,12,11,12,12,10,8,5,0,1,3,4,4,5,5,15,15,15,16,16,16
140,Finsbury Square  Moorgate,532913,181969,32,10,10,1,1,1,1,1,1,1,1,1,1,1,1,4,5,13,18,19,25,26,26,26,26,23,22,21,20,19,19,19,18,15,15,15,13,5,5,1,1,2,0,0,0,0,0,0,0
141,Chapel Place Marylebone,528658,181231,27,10,10,10,10,10,10,10,10,10,10,10,10,10,12,11,12,17,22,25,25,24,25,24,24,24,24,22,20,20,20,19,18,27,27,27,27,25,5,0,0,0,0,0,0,0,0,0,0
142,West Cromwell Road Earl's Court,525173,178742,24,14,14,14,14,14,14,14,14,14,14,12,11,11,12,13,12,10,11,9,7,7,8,7,8,6,6,6,6,6,6,5,4,4,4,8,7,7,10,13,13,11,13,12,13,15,15,14,14
143,Pont Street Knightsbridge,527738,179158,19,4,4,4,4,4,4,4,4,4,4,4,4,4,4,5,6,6,7,6,6,6,6,6,7,7,9,8,9,6,5,7,6,9,10,7,9,8,5,4,3,3,4,5,5,5,5,5,5
144,Kennington Cross Kennington,531215,178362,28,26,23,21,22,22,24,24,24,24,24,25,25,25,24,21,12,9,10,10,10,10,7,5,4,4,4,5,4,4,3,4,4,4,5,5,5,11,18,21,21,23,23,22,21,21,21,22,22
145,Ilchester Place Kensington,524843,179515,23,6,6,6,6,6,6,6,6,6,6,6,6,6,6,5,5,4,4,4,5,5,5,5,5,5,5,5,5,5,6,6,5,5,4,4,5,5,5,5,5,5,5,5,5,5,5,5,5
146,Vauxhall Bridge  Pimlico,529972,178266,33,16,16,16,16,16,16,16,16,17,17,17,17,17,16,17,16,15,14,13,13,12,11,11,11,11,11,9,9,9,8,10,10,10,10,10,7,12,18,23,28,31,30,32,32,32,32,33,33
147,Portugal Street Holborn,530814,181245,16,0,0,0,0,0,0,0,0,0,0,0,0,0,0,0,2,3,6,12,16,15,16,16,16,16,13,6,5,6,6,7,6,15,12,10,5,2,1,0,0,0,0,0,0,0,0,0,0
148,Tachbrook Street Victoria,529337,178667,15,5,6,6,6,6,6,6,6,6,6,6,6,6,6,6,4,2,2,0,1,2,1,0,0,0,0,1,0,1,1,0,2,2,3,2,2,3,5,4,6,5,6,7,10,10,9,10,10
149,Kennington Road Post Office Oval,531279,177902,18,17,16,17,17,17,17,17,17,17,17,17,17,17,17,17,16,13,14,14,14,14,14,14,14,14,13,12,14,13,13,15,16,16,17,14,16,16,17,15,17,17,17,16,17,17,17,17,17
150,Holy Trinity Brompton Knightsbridge,527202,179163,25,17,17,17,17,17,17,17,17,17,17,17,17,17,18,16,17,15,16,20,22,21,23,23,23,22,22,21,22,21,21,18,19,20,20,19,21,20,19,16,16,17,16,16,15,15,16,16,16
151,Chepstow Villas Notting Hill,524896,180784,26,13,13,13,13,13,13,13,13,13,13,13,13,13,13,11,7,1,0,0,0,0,8,7,6,5,4,4,1,2,2,2,2,2,2,2,1,4,13,18,23,24,24,25,26,26,26,24,24
152,Hampton Street Walworth,531893,178739,21,17,18,18,19,19,19,19,20,20,20,20,20,20,20,17,16,14,8,5,3,2,3,3,3,3,3,3,2,1,2,3,2,2,1,3,7,11,15,16,16,15,14,16,16,16,16,19,20
153,Bayswater Road Hyde Park,526788,180797,26,25,25,25,25,25,25,25,25,25,25,26,26,26,26,24,21,12,5,2,9,7,7,15,10,9,11,10,10,10,15,10,12,10,15,16,20,24,23,25,25,24,25,25,25,25,25,25,25
154,Waterloo Station 3 Waterloo,531076,180011,32,21,19,19,19,32,32,32,32,32,32,30,30,23,8,16,1,10,0,0,0,2,0,0,1,3,2,3,2,1,1,2,6,2,2,8,17,28,27,27,26,26,26,28,26,26,28,28,29
155,Lexham Gardens Kensington,525608,178991,18,11,10,10,10,10,10,10,10,10,10,10,10,9,8,8,8,6,4,4,4,4,1,0,0,0,0,0,2,3,3,2,1,0,0,4,5,7,5,5,6,5,4,3,4,5,7,7,7
156,New Kent Road Borough,532485,179006,32,20,22,22,22,22,22,22,24,24,28,29,29,29,28,26,26,25,20,20,20,19,17,16,16,16,15,15,15,16,16,16,16,16,17,20,19,21,25,27,26,27,30,31,32,32,32,33,33
157,Wright's Lane Kensington,525517,179493,37,13,13,13,12,12,12,14,14,14,14,14,14,15,14,14,15,16,20,20,23,24,25,27,29,28,28,28,28,28,25,27,26,30,32,32,34,33,34,33,35,36,34,33,33,32,31,30,29
158,Trebovir Road Earl's Court,525328,178426,17,17,17,17,17,17,17,17,17,16,16,16,16,16,16,16,16,14,14,12,11,11,11,11,11,12,11,12,12,13,13,15,15,15,15,15,16,17,17,17,16,16,17,17,15,16,16,16,15
159,Great Marlborough Street Soho,529309,181171,39,7,7,7,6,5,4,4,4,4,4,4,4,4,6,10,9,9,17,25,34,37,38,38,39,39,39,39,39,39,39,38,28,28,28,29,20,8,2,0,1,0,3,3,3,2,0,0,0
160,Waterloo Place St. James's,529753,180293,18,1,1,1,1,1,1,1,1,1,1,1,1,1,1,1,1,1,3,2,5,8,10,11,9,9,8,7,7,4,6,6,7,5,5,3,3,3,2,1,0,0,0,0,0,0,0,0,0
161,Guildhouse Street Victoria,529130,178688,14,3,3,3,3,3,3,3,3,3,3,3,3,3,2,2,3,1,1,0,0,0,0,0,0,1,1,0,0,0,0,0,0,0,1,1,1,2,2,3,1,2,2,2,3,3,3,3,3
162,Southampton Place Holborn,530447,181532,18,1,1,1,0,0,0,0,0,0,0,0,0,0,2,4,6,7,16,16,16,16,15,16,16,16,16,16,16,13,14,15,15,15,13,15,14,9,8,6,6,5,3,0,0,0,2,1,1
163,Sloane Avenue Knightsbridge,527284,178734,28,26,26,26,26,25,25,23,23,23,23,24,24,26,26,29,30,29,29,26,27,26,26,24,24,23,24,25,24,24,23,25,26,26,27,29,28,30,29,29,29,29,29,29,28,27,27,27,28
164,Cleveland Gardens Bayswater,526165,181202,15,5,5,5,5,5,5,5,5,5,5,5,5,5,5,4,1,0,0,0,0,0,0,1,1,0,0,0,1,0,1,1,3,3,7,8,10,10,11,13,11,11,11,15,15,15,15,15,15
165,Orsett Terrace Bayswater,526117,181459,15,5,5,5,6,6,6,6,6,6,6,6,6,6,6,6,6,6,4,3,3,3,3,3,2,2,2,2,1,1,2,1,1,1,1,0,0,0,0,0,0,0,0,2,3,3,3,3,2
166,Seville Street Knightsbridge,527861,179714,26,1,1,1,1,1,1,1,1,1,1,1,1,2,2,2,3,4,4,5,7,8,7,7,7,8,7,8,8,8,12,13,12,6,5,5,2,1,0,0,0,0,0,0,0,0,2,2,2
167,Eccleston Place Victoria,528689,178855,17,15,15,15,16,16,16,16,16,16,16,16,15,15,12,10,1,0,1,0,2,2,0,0,0,0,0,1,2,5,4,2,3,1,1,3,9,14,12,15,16,14,14,14,14,14,13,14,14
168,Argyll Road Kensington,525351,179489,19,8,8,8,8,8,8,8,8,8,8,8,8,8,8,8,11,11,11,11,11,11,11,9,8,8,8,7,6,5,8,8,6,7,6,6,7,7,9,10,7,9,9,9,9,7,6,5,5
169,Porchester Place Paddington,527413,181137,18,2,3,3,3,4,4,4,4,4,4,4,4,2,2,3,0,0,2,1,2,2,2,2,2,2,0,0,1,1,1,1,1,0,0,2,5,12,12,13,12,13,13,15,14,16,16,16,17
170,Hardwick Street Clerkenwell,531337,182694,29,19,19,19,19,19,19,19,19,19,19,19,19,19,17,17,14,14,6,5,8,8,8,8,7,7,6,6,3,3,1,1,6,20,20,20,15,9,10,10,12,11,11,13,13,14,15,15,16
171,Collingham Gardens Earl's Court,525979,178528,14,9,10,10,10,10,10,11,11,11,11,11,10,10,9,8,7,3,2,1,1,0,0,0,0,1,1,2,1,1,2,0,1,2,3,3,3,2,0,6,10,11,12,12,12,12,12,12,12
172,Sumner Place South Kensington,526885,178505,19,1,1,3,3,3,3,3,3,3,3,3,3,2,2,2,0,0,0,1,1,1,1,0,0,0,0,1,1,10,10,10,9,9,9,9,7,11,13,13,13,14,13,13,13,13,13,13,13
173,Waterloo Roundabout Waterloo ,531061,180130,13,9,9,9,10,10,10,10,10,10,10,10,10,10,9,6,5,0,0,4,1,1,2,3,4,4,5,5,6,7,9,10,11,14,15,1,14,15,15,15,15,13,13,14,14,14,14,14,14
174,Strand Strand,530889,180978,35,11,11,12,12,12,7,7,7,7,7,7,8,8,8,9,11,14,23,33,35,35,34,29,30,29,31,31,29,29,28,25,22,20,21,16,15,9,0,0,0,0,0,0,0,0,1,1,0
175,Appold Street Liverpool Street,533224,182065,25,0,0,0,0,0,0,0,0,0,0,0,0,1,2,6,4,10,22,24,25,25,24,23,23,24,24,24,23,25,24,23,23,24,22,17,10,7,2,1,0,0,0,0,0,0,0,0,0
176,Gloucester Terrace Bayswater,525813,181450,22,21,21,21,21,21,21,21,21,21,21,21,21,21,19,21,20,17,15,13,11,11,11,11,11,11,12,12,12,10,9,9,11,11,11,9,7,6,9,13,13,14,13,12,11,11,12,15,17
177,Ashley Place Victoria,529146,179113,23,14,13,13,13,13,12,12,12,12,12,12,12,13,9,10,4,0,1,3,1,2,4,6,7,6,7,7,6,5,7,10,15,17,16,21,22,21,20,20,17,17,17,17,18,17,16,18,19
178,Warwick Square Pimlico,529096,178410,19,13,13,13,13,13,13,12,12,12,12,12,11,11,10,7,6,2,0,1,1,1,0,1,2,0,2,3,4,4,4,3,4,3,3,4,4,5,8,11,12,14,14,14,16,16,17,18,18
180,North Audley Street Mayfair,528218,180953,16,1,1,1,1,1,1,1,1,1,1,1,3,3,3,2,3,3,1,5,6,8,12,14,13,14,13,14,14,14,13,13,14,14,10,10,8,5,2,0,0,0,0,0,0,0,4,4,4
181,Belgrave Square Belgravia,528348,179454,19,0,0,0,0,0,0,0,0,0,0,0,0,0,0,1,2,5,4,2,2,1,0,0,1,1,1,2,3,1,0,1,0,0,0,0,1,4,3,1,0,0,0,0,0,0,1,1,2
182,Bell Street  Marylebone,527346,181946,18,4,4,5,4,5,5,5,5,5,5,5,5,5,5,4,2,1,2,12,12,13,13,13,13,11,8,7,7,8,8,8,6,6,7,9,8,17,17,17,16,17,17,14,11,11,11,11,11
184,Portland Place Marylebone,528781,181835,34,11,11,11,11,11,11,11,11,11,11,11,11,11,11,8,9,10,8,11,15,16,15,16,16,17,17,17,18,17,18,18,22,26,26,22,15,10,4,2,2,2,1,2,4,4,5,5,6
185,Alderney Street Pimlico,529183,178212,14,8,7,7,7,7,7,8,8,8,8,8,8,8,8,7,5,0,0,0,0,1,1,1,0,0,1,0,1,0,0,1,2,1,3,5,9,11,10,11,11,10,11,11,11,11,11,12,12
186,South Wharf Road Paddington,526668,181407,16,7,6,6,6,6,6,6,6,6,6,6,6,6,4,0,2,1,2,0,4,0,0,0,1,1,1,2,0,0,0,0,2,1,0,3,10,9,9,14,14,12,12,14,14,14,14,14,14
187,Queen's Gate (South) South Kensington,526554,178638,25,22,22,22,22,22,22,22,22,22,22,23,23,23,22,21,18,18,20,23,22,23,24,22,21,19,20,20,21,20,21,20,20,20,20,18,17,17,19,21,21,20,21,18,20,20,20,19,18
188,Nutford Place Marylebone,527462,181335,17,15,16,16,16,15,13,13,13,13,13,13,13,13,13,12,12,13,10,6,4,3,2,2,4,6,6,4,3,0,1,4,5,5,6,5,5,6,5,7,7,8,8,8,9,9,4,4,4
189,Claremont Square Angel,531198,183116,18,5,5,6,6,6,6,6,6,6,6,8,8,9,9,6,5,5,4,1,1,1,3,3,4,4,4,4,4,3,3,3,2,4,5,5,3,2,1,1,0,1,0,0,12,11,10,10,10
190,Rampayne Street Pimlico,529726,178439,20,17,17,17,17,17,17,17,17,17,17,17,17,17,17,17,16,17,12,11,7,7,7,6,5,5,5,4,7,8,8,8,7,4,3,1,0,0,4,9,11,11,11,11,10,10,14,14,15
191,Hyde Park Corner Hyde Park,528254,179864,25,2,2,2,2,2,2,2,2,2,2,3,3,2,3,3,7,7,10,8,7,5,7,4,6,2,12,8,9,18,7,1,2,4,4,1,4,3,3,2,1,0,0,0,0,1,1,0,1
192,Wardour Street Soho,529637,180945,16,0,0,0,0,0,0,0,0,0,0,0,0,0,0,0,1,1,4,8,16,13,15,16,16,15,16,16,13,14,14,9,10,9,5,1,9,11,5,0,0,2,1,1,0,0,1,7,4
193,Bankside Mix Bankside,531948,180259,57,15,11,11,11,11,11,11,11,11,11,11,11,12,11,11,14,27,36,45,55,58,58,54,57,56,53,52,54,58,57,46,44,44,43,29,12,8,0,6,6,7,7,4,0,2,5,3,0
194,Hop Exchange The Borough,532535,180142,54,10,10,9,9,9,9,9,8,8,8,8,8,9,9,8,10,1,2,2,3,7,8,11,9,6,6,10,9,9,12,14,16,19,13,16,25,36,26,28,28,26,9,1,8,6,9,8,6
195,Milroy Walk South Bank,531523,180407,29,17,15,15,15,15,15,15,15,15,15,16,16,16,15,19,18,17,14,15,20,20,21,20,20,21,18,18,16,17,18,17,15,16,15,14,17,15,13,8,7,11,10,11,11,10,12,12,11
196,Union Street The Borough,532071,180025,17,17,17,17,17,17,17,17,17,17,17,17,17,17,16,16,16,17,16,16,16,17,14,15,15,14,13,13,13,13,13,14,12,12,11,7,6,4,5,3,4,3,2,2,1,2,2,3,3
197,Stamford Street South Bank,531156,180211,26,20,20,20,20,20,20,20,20,20,20,21,21,20,20,19,19,18,11,9,2,2,5,4,4,4,5,5,6,3,1,0,1,0,3,7,15,23,23,23,23,22,21,22,22,23,23,23,23
199,Great Tower Street Monument,533127,180809,23,0,0,0,0,0,0,0,0,0,0,0,0,0,0,0,0,3,15,19,21,20,21,22,22,23,20,23,23,20,21,20,22,22,23,15,3,2,1,0,0,2,2,2,1,0,0,0,0
200,LMU Commercial Road Whitechapel,534288,181333,14,11,11,10,9,9,9,9,10,10,10,10,10,8,4,5,4,3,3,2,2,3,4,2,1,2,1,1,1,1,1,0,0,1,1,2,3,6,5,8,8,9,9,9,10,11,11,10,11
201,Dorset Square Marylebone,527673,182017,16,16,16,16,16,16,16,15,16,16,16,16,16,14,12,5,1,0,9,6,5,3,2,2,1,2,1,1,0,2,1,0,1,1,9,11,13,12,13,13,13,12,10,11,11,11,11,11,10
202,Leman Street Aldgate,534055,181043,35,11,11,11,14,14,14,14,14,14,14,13,13,10,8,4,3,2,12,13,17,22,19,15,15,15,11,13,14,15,15,14,19,17,13,11,12,11,6,4,11,11,11,9,11,13,12,11,12
203,West Smithfield Rotunda Farringdon,531870,181637,13,2,3,2,2,2,2,2,2,2,1,1,1,1,1,2,8,7,13,13,12,12,12,11,12,12,12,13,11,12,10,9,10,8,2,0,6,6,2,1,0,0,1,1,0,0,1,1,1
204,Margery Street Clerkenwell,531038,182548,18,7,7,7,7,7,7,7,7,7,7,7,7,7,3,3,0,2,0,5,5,7,6,4,3,2,3,5,5,7,7,6,7,8,11,9,5,4,7,10,10,8,9,11,8,8,8,9,9
205,New Road  2 Whitechapel,534509,181698,17,7,7,7,7,7,7,7,7,9,9,9,9,9,9,9,8,8,12,14,16,16,17,16,16,16,15,18,18,18,17,16,16,18,18,17,14,14,14,12,10,11,11,11,13,14,13,12,14
206,New Road 1  Whitechapel,534513,181699,18,10,11,11,11,11,11,11,11,11,11,11,11,11,11,11,10,9,8,10,13,12,14,15,17,15,18,18,18,18,15,16,16,15,12,12,11,14,16,16,16,17,16,16,17,17,16,17,18
207,Grosvenor Crescent Belgravia,528281,179668,17,9,9,9,9,9,9,9,9,9,9,9,9,9,9,9,13,11,13,14,14,14,15,15,15,14,16,16,17,14,14,12,11,11,8,8,10,8,8,8,7,7,6,4,4,4,3,3,3
208,Mallory Street Marylebone,527306,182281,18,17,15,16,16,16,16,16,16,16,16,16,15,15,14,14,14,13,9,10,10,11,11,13,12,12,9,9,8,9,6,6,5,5,4,2,3,6,10,11,12,10,11,10,9,9,9,9,9
209,Denyer Street Knightsbridge,527477,178784,30,26,25,25,25,26,26,26,26,26,26,26,26,26,26,26,25,27,30,29,30,30,30,30,29,27,26,27,23,24,24,25,25,25,23,23,20,20,16,18,21,23,24,24,24,25,25,25,25
210,Hinde Street Marylebone,528326,181390,21,6,6,6,6,6,6,6,6,6,6,6,6,6,6,7,9,7,12,16,14,14,16,17,15,13,13,17,16,17,16,17,17,16,13,13,6,0,1,1,0,5,4,0,0,0,0,0,0
211,Cadogan Place Knightsbridge,527959,178914,32,18,18,18,18,18,18,18,18,18,18,18,18,17,16,17,17,16,18,18,20,18,18,18,19,19,20,18,17,17,17,15,16,17,17,17,20,20,20,20,20,20,20,20,20,19,19,19,19
212,Campden Hill Road Notting Hill,525088,180171,17,10,11,11,11,11,11,11,11,11,11,11,11,10,10,9,9,8,8,8,8,6,5,5,5,6,6,6,6,5,4,4,3,4,3,3,1,3,4,4,4,5,5,5,5,5,5,5,5
213,Wellington Arch Hyde Park,528529,179829,33,9,9,11,11,11,11,11,11,11,11,12,13,13,15,16,17,21,26,26,27,30,31,26,31,28,16,20,14,12,12,14,9,5,3,0,0,1,3,2,4,5,0,0,0,0,0,4,1
214,Endsleigh Gardens Euston,529784,182542,30,28,28,28,28,28,28,28,28,28,28,27,27,26,21,13,3,1,2,0,0,1,17,17,18,19,18,15,15,18,16,16,17,22,23,29,29,26,28,29,25,28,27,28,27,25,25,26,26
215,Moorfields Moorgate,532735,181754,49,4,4,4,4,4,4,3,3,3,3,3,3,4,8,8,12,19,24,22,25,29,31,32,34,34,34,31,31,31,31,30,30,34,37,37,32,34,33,31,25,9,0,0,0,0,0,0,0
216,Old Brompton Road South Kensington,526367,178462,28,20,20,20,20,20,20,20,20,20,20,20,19,19,19,19,18,18,14,13,13,15,14,14,11,8,8,9,9,7,8,8,13,13,14,13,13,15,20,21,24,25,25,25,25,24,24,26,26
217,Wormwood Street Liverpool Street,533150,181441,14,1,1,0,0,0,0,0,0,0,0,0,0,0,5,1,3,0,12,5,12,12,11,7,10,9,10,6,6,5,6,3,3,5,8,15,12,14,5,1,1,5,1,1,0,0,1,0,0
218,St. Luke's Church Chelsea,527134,178345,19,1,1,1,1,1,1,1,1,1,1,1,1,1,1,1,1,1,2,2,2,2,3,3,5,4,1,0,9,9,8,7,8,7,6,6,6,8,7,7,9,12,10,7,9,8,8,8,8
219,Bramham Gardens Earl's Court,525731,178359,28,13,21,21,21,21,21,22,22,22,22,22,23,24,24,24,24,21,17,17,16,16,16,12,12,12,12,11,10,10,12,12,13,15,14,11,13,20,22,24,28,28,28,28,27,26,28,27,28
220,Chelsea Green Chelsea,527389,178457,26,6,6,6,6,6,6,6,6,6,6,6,6,6,5,5,5,3,4,6,7,7,9,9,9,9,10,12,11,10,10,9,8,7,6,4,5,5,4,4,5,7,11,11,11,11,11,11,11
221,Horseferry Road Westminster,529878,178982,16,3,3,4,4,4,4,4,1,1,1,1,1,1,2,4,6,7,11,15,16,15,15,15,15,15,15,16,16,16,12,12,11,10,8,1,0,1,0,2,2,3,2,3,3,3,3,4,5
222,Knightsbridge Hyde Park,528128,179821,42,4,4,2,2,2,2,2,2,2,2,3,3,3,4,4,6,6,8,9,9,10,9,6,6,6,6,5,5,5,5,5,6,6,4,1,1,1,0,0,0,0,0,0,1,1,0,0,0
223,Rodney Road  Walworth,532681,178684,24,24,24,24,24,24,24,24,24,24,24,24,23,23,23,20,17,12,7,5,5,3,3,2,1,1,0,0,0,0,0,3,4,5,6,7,8,9,9,13,16,17,16,18,19,19,19,19,19
224,Whiteley's Bayswater,525820,181100,16,10,13,13,13,13,13,13,13,13,13,13,13,13,12,12,12,9,8,9,8,7,3,1,0,0,2,10,10,8,8,7,12,12,13,11,11,11,11,15,15,14,13,14,12,13,14,14,15
225,Notting Hill Gate Station Notting Hill,525259,180484,30,20,20,21,22,23,23,22,22,22,22,23,23,24,24,26,27,25,22,20,16,12,7,7,7,6,7,6,7,5,5,5,5,3,4,3,2,3,3,1,2,2,4,5,7,7,8,2,4
226,Charles II Street West End,529735,180495,24,8,8,8,4,3,0,0,0,0,0,0,0,0,1,2,4,4,9,12,6,6,7,8,9,8,8,9,10,9,9,10,12,10,12,11,10,8,4,1,0,0,0,0,0,0,0,0,0
227,Great Percy Street Clerkenwell,530820,182800,23,21,18,18,18,19,19,19,19,19,19,19,18,18,16,16,17,14,12,9,7,3,2,0,9,9,8,8,9,9,10,10,10,10,7,8,8,13,14,16,17,19,21,11,12,16,14,15,15
228,St. James's Square St. James's,529553,180376,39,2,2,2,2,2,2,2,2,2,2,2,2,2,3,8,2,16,31,37,35,34,19,22,26,25,24,26,25,28,28,29,30,32,31,24,15,2,0,1,1,0,0,0,2,2,0,0,0
229,Whitehall Place Strand,530350,180298,23,0,0,0,0,0,0,0,0,0,0,0,0,0,0,7,3,1,0,2,4,8,9,11,10,11,11,10,7,8,6,5,7,8,7,4,7,20,21,18,15,11,8,7,8,7,5,5,4
230,Poured Lines Bankside,531740,180351,31,0,0,0,0,0,0,0,0,0,0,0,0,0,1,0,3,2,12,26,27,26,28,28,28,28,27,26,24,24,23,22,22,21,19,18,15,16,8,3,2,1,2,2,1,1,1,1,1
231,Queen's Gate (Central) South Kensington,526530,178803,31,12,13,13,13,13,13,13,13,13,13,14,14,14,13,12,13,14,10,7,6,7,7,8,8,8,8,8,8,8,6,7,8,8,8,9,8,8,7,6,6,6,7,7,7,7,7,7,7
232,Carey Street Holborn,531049,181259,16,0,0,0,0,0,0,0,0,0,0,0,0,0,0,0,3,9,14,16,16,16,16,16,16,16,6,5,5,5,3,3,5,12,11,8,5,0,0,0,0,0,0,0,0,0,0,0,0
233,Pall Mall East West End,529824,180422,21,2,2,1,0,0,2,0,0,0,0,0,0,0,0,0,3,3,3,6,10,13,14,15,17,16,4,9,10,9,6,8,9,16,20,18,20,14,13,9,5,2,0,0,1,1,1,0,0
234,Liverpool Road (N1 Centre) Angel,531393,183437,22,15,14,14,14,14,15,15,15,15,15,16,16,16,16,12,5,1,1,1,0,0,0,4,4,4,5,6,5,5,2,2,2,3,3,1,5,11,23,22,23,21,23,17,18,21,18,20,20
235,Kennington Road   Vauxhall,531234,179117,36,26,26,26,26,26,26,25,25,25,25,26,26,26,26,25,22,18,10,6,4,3,2,2,1,1,1,2,2,2,1,3,4,6,6,7,8,8,7,7,9,12,11,15,23,22,22,22,22
236,Fashion Street Whitechapel,533767,181704,28,17,17,17,17,16,16,16,16,16,16,16,16,16,15,15,13,12,20,23,27,28,27,27,27,28,27,29,29,29,29,28,27,25,24,25,21,19,16,13,13,9,10,7,4,3,4,3,2
237,Vaughan Way Wapping,534231,180611,48,40,44,44,44,43,43,43,43,43,43,44,45,47,48,44,45,45,47,49,49,48,48,48,48,46,46,48,48,48,48,47,46,43,40,36,33,35,35,33,29,27,29,32,33,34,34,36,36
238,Frampton Street Paddington,526699,182077,32,12,12,12,12,12,12,12,12,12,12,12,12,12,12,12,12,12,11,11,10,8,8,7,7,7,7,2,1,0,0,2,2,2,2,2,1,0,1,1,2,5,6,8,8,8,7,7,7
239,Warren Street Station Euston,529269,182262,26,16,16,14,14,14,14,14,14,14,14,14,14,14,15,16,19,11,8,9,12,10,12,8,8,10,12,11,11,10,12,10,11,8,10,3,0,0,4,2,5,2,1,10,12,11,10,9,8
240,Colombo Street Southwark,531566,180209,15,6,6,6,6,6,6,6,6,6,6,6,6,6,6,5,5,9,8,4,3,4,4,3,5,6,6,6,5,5,6,5,6,4,4,6,6,5,8,7,9,7,7,8,8,8,8,8,8
242,Beaumont Street Marylebone,528351,181969,21,19,19,19,19,19,19,19,19,19,19,19,19,19,18,19,18,17,20,19,19,20,20,19,19,20,20,20,20,20,20,20,7,8,6,6,6,9,12,15,14,14,18,19,18,19,19,19,19
243,Gloucester Street Pimlico,529253,178537,25,19,19,19,19,19,19,19,19,19,19,19,19,17,16,16,13,9,0,0,3,0,3,2,2,2,0,13,16,16,16,19,16,13,13,14,15,18,19,22,24,22,25,17,17,18,20,24,23
244,Earnshaw Street  Covent Garden,529947,181353,18,6,8,6,4,4,4,4,4,4,4,4,4,4,4,3,5,13,16,16,16,16,16,16,16,13,14,15,16,13,14,16,12,14,15,12,10,2,1,0,0,0,0,0,0,2,0,0,0
245,Grosvenor Road Pimlico,529089,177909,29,17,16,16,16,16,16,16,16,16,16,18,18,18,18,17,17,15,13,12,10,8,6,6,3,3,3,2,2,2,2,2,3,2,1,1,3,2,2,2,6,6,10,11,16,16,16,19,19
246,Berry Street Clerkenwell,531912,182154,40,14,14,14,14,14,14,14,14,14,14,14,14,13,13,14,13,21,32,37,37,37,36,37,39,37,37,37,38,38,38,34,33,31,28,27,14,4,0,10,18,15,13,10,11,12,11,9,9
247,St. John's Wood Church Regent's Park,527152,182834,50,6,6,6,6,7,7,7,7,9,25,25,25,25,25,23,20,18,16,13,13,14,12,13,16,15,13,13,14,14,14,14,13,14,15,14,13,13,13,13,11,12,12,10,10,9,9,9,11
248,Triangle Car Park Hyde Park,527082,180206,27,0,0,0,0,0,0,0,0,0,0,1,1,1,3,3,3,0,2,3,2,3,1,1,3,2,3,5,5,6,3,1,7,6,9,10,10,10,12,4,4,4,3,3,3,3,3,3,3
249,Harper Road Borough,532246,179463,42,33,33,34,34,34,34,30,30,30,30,30,30,30,30,28,29,30,29,27,25,24,24,24,24,24,25,25,26,26,26,26,26,26,25,25,23,24,24,26,29,29,31,31,31,30,30,30,29
250,Royal Avenue 1 Chelsea,527652,178382,9,4,4,4,4,4,4,4,4,4,4,4,4,4,3,3,3,3,0,0,1,0,1,3,3,0,1,1,0,1,1,2,6,6,5,6,6,6,8,8,8,8,8,8,8,8,8,8,8
251,Brushfield Street Liverpool Street,533362,181753,32,0,0,1,1,1,1,1,0,0,0,3,4,5,10,13,18,24,31,30,30,31,31,23,25,20,23,24,19,19,17,15,16,19,14,5,0,0,2,0,0,0,1,0,0,1,0,0,1
252,Jubilee Gardens South Bank,530816,180098,30,29,29,29,29,25,25,25,25,25,25,26,26,26,26,28,27,28,30,24,11,10,13,16,17,16,18,18,23,24,26,29,15,16,17,17,16,14,13,24,24,24,22,22,21,21,26,27,27
253,Shoreditch Park Hoxton,532824,183423,29,15,16,16,17,17,17,17,17,17,17,17,17,17,17,13,5,2,2,3,1,1,1,1,1,1,1,0,1,8,7,5,5,6,4,6,10,22,28,28,28,28,28,28,28,28,27,28,28
254,Chadwell Street Angel,531445,182995,18,6,6,7,7,7,7,7,7,7,7,7,7,5,5,6,5,3,1,4,7,7,4,4,4,6,7,5,7,7,5,6,4,2,3,2,0,0,3,5,8,9,11,10,11,11,10,11,11
255,Clifton Road Maida Vale,526382,182316,21,18,18,18,18,18,18,18,19,19,19,18,18,17,17,17,12,3,2,0,0,1,3,0,0,0,0,0,1,1,3,4,4,2,4,4,7,14,18,22,22,22,22,22,22,22,22,22,22
256,Houghton Street Strand,530775,181097,14,6,6,6,6,6,6,1,1,1,1,2,2,2,2,2,2,3,9,10,11,12,4,5,9,11,10,11,11,11,12,11,9,9,6,5,3,1,2,0,0,0,0,0,0,0,0,0,0
257,Westminster University Marylebone,528103,182015,16,10,10,12,12,12,12,12,12,12,12,15,15,14,14,13,11,7,6,6,12,13,12,14,14,14,14,13,11,12,6,7,7,6,5,6,13,14,12,15,15,13,11,12,10,10,10,9,8
258,Kensington Gore Knightsbridge,526514,179633,22,0,0,0,0,0,0,0,0,0,0,0,0,0,0,0,0,1,1,1,6,6,6,6,6,6,7,10,14,16,19,17,18,18,16,16,14,13,7,5,5,5,5,3,3,3,2,2,2
259,Embankment (Horse Guards) Westminster,530350,180120,26,1,0,0,0,0,0,0,0,0,0,0,0,0,0,2,4,1,3,8,10,9,9,7,7,7,5,6,4,2,4,5,6,4,1,2,0,0,6,9,12,9,9,7,7,7,7,7,7
260,Broadwick Street Soho,529469,181070,18,5,5,3,4,4,4,4,4,4,4,5,4,4,3,4,4,9,4,13,17,17,17,17,17,17,17,17,17,17,17,13,13,12,9,9,10,0,1,1,0,1,0,0,0,0,0,0,1
261,Princes Square Bayswater,525600,180952,16,11,11,11,11,11,11,9,9,9,9,10,10,10,10,9,7,0,0,0,0,0,0,0,0,3,3,1,0,0,1,0,0,0,1,3,3,2,0,5,8,9,9,9,10,10,11,11,11
262,LSBU (Borough Road) Elephant & Castle,531763,179467,35,34,35,35,35,35,35,35,35,35,35,35,35,34,34,34,34,33,33,35,34,34,34,31,30,30,31,31,32,33,32,32,31,30,32,32,27,19,18,18,19,19,18,20,18,18,17,17,17
263,St. Mary Axe Aldgate,533278,181229,20,2,2,2,2,2,2,2,2,2,2,3,3,4,3,2,4,13,15,18,17,18,18,19,19,19,19,18,19,20,17,17,16,13,10,7,1,0,3,0,0,1,4,4,3,3,3,3,3
264,Tysoe Street Clerkenwell,531259,182537,18,6,7,7,9,11,11,11,11,11,11,11,12,12,11,12,12,13,14,15,18,10,7,9,9,9,7,7,9,8,8,9,10,8,4,0,1,0,3,3,3,2,3,1,1,2,2,3,5
265,Southwick Street Paddington,527127,181264,16,4,4,4,4,3,3,3,3,3,3,3,3,3,3,2,1,2,1,1,0,0,9,8,7,8,9,9,7,5,3,4,4,3,9,9,10,16,17,16,17,14,14,15,15,15,15,15,15
266,Queen's Gate (North) Kensington,526405,179585,18,6,6,6,6,6,6,6,6,6,6,6,6,6,6,6,4,4,5,7,10,11,14,14,14,14,15,15,17,17,17,17,16,16,17,17,15,15,16,17,17,17,15,15,16,17,17,17,17
267,Regency Street Westminster,529763,178672,22,16,17,18,18,18,18,19,19,19,19,19,19,19,21,21,19,20,14,7,5,6,7,7,7,6,7,7,7,8,8,9,9,9,11,11,9,7,9,7,10,12,11,10,12,13,13,13,13
268,Belgrave Road Victoria,528933,178778,27,11,11,11,11,11,11,11,11,11,11,10,10,11,7,5,0,1,0,1,0,0,0,1,4,6,7,6,6,2,1,0,0,3,1,9,7,12,15,18,18,20,22,23,23,22,23,25,25
269,Empire Square The Borough,532687,179723,45,42,42,43,43,43,43,43,43,43,43,44,44,44,42,41,41,36,31,33,33,32,32,33,34,31,31,31,30,32,33,31,32,33,32,33,33,36,40,43,43,43,43,43,43,43,43,44,44
270,Kennington Lane Rail Bridge Vauxhall,530455,178054,35,32,34,34,34,34,34,33,33,33,33,33,33,32,30,34,34,23,26,19,14,15,15,16,14,15,15,16,18,18,18,17,18,19,22,24,31,33,34,34,34,35,35,35,31,32,33,33,32
271,London Zoo Regents Park,527970,183497,32,19,19,19,19,19,19,19,19,19,19,20,20,20,20,20,21,20,17,16,16,16,15,16,18,16,14,16,15,14,16,11,11,10,9,6,6,3,3,4,4,4,3,3,3,3,3,3,3
272,Baylis Road Waterloo,531231,179754,21,12,12,12,12,12,12,12,12,12,12,12,12,11,11,12,11,6,8,6,4,3,1,4,7,8,8,8,7,10,14,16,17,18,21,7,16,20,14,19,17,14,14,14,13,13,13,12,12
273,Belvedere Road South Bank,530940,180268,36,30,30,30,30,30,30,30,30,30,30,30,30,30,29,29,29,34,31,27,22,20,21,24,23,24,26,26,25,24,25,25,10,12,12,11,20,3,21,33,33,31,29,29,29,29,29,30,29
274,Warwick Road Olympia,524679,179062,36,32,32,32,32,32,32,32,32,32,32,32,32,31,31,31,30,30,27,26,23,23,22,21,21,20,19,19,17,16,16,17,17,16,17,16,18,18,22,24,24,25,26,22,23,26,26,27,26
275,Barbican Centre Barbican,532462,181856,16,0,0,0,0,0,0,0,0,0,0,0,0,0,0,0,1,4,12,10,11,12,12,12,12,12,11,15,15,15,12,13,12,12,12,11,11,12,9,11,8,5,1,0,0,0,0,0,0
276,Lower Thames Street Monument,532992,180674,24,0,0,0,0,0,0,0,0,0,0,0,0,1,1,5,3,5,5,7,9,8,7,7,7,7,7,7,10,10,13,15,15,17,17,13,0,0,0,0,0,0,0,0,0,0,0,0,0
277,Kensington Church Street Kensington,525618,179803,17,15,15,14,13,13,13,13,13,13,13,12,12,11,9,6,9,14,9,13,13,15,13,14,13,13,13,12,12,10,11,11,11,8,7,7,8,7,9,16,13,10,10,8,9,8,8,8,8
278,Tooley Street Bermondsey,533381,180038,15,13,11,12,12,13,13,13,13,13,13,2,2,2,2,3,6,7,13,12,12,13,13,13,13,8,10,8,6,8,7,11,14,11,10,8,6,3,2,7,6,2,0,0,1,0,0,0,0
279,North Wharf Road Paddington,526606,181548,25,22,22,22,22,22,22,22,22,22,22,22,22,22,22,23,19,18,16,17,9,10,10,10,9,9,9,9,9,9,12,12,12,12,12,8,7,4,2,3,3,5,4,4,2,2,3,3,3
280,Royal Avenue 2 Chelsea,527673,178399,10,5,5,5,5,5,5,5,5,5,6,6,6,6,6,6,7,8,7,8,10,10,9,9,9,9,10,10,9,9,9,8,7,7,6,7,7,8,9,9,9,10,10,10,10,10,10,10,10
281,Smith Square Westminster,530075,179097,17,8,8,8,8,8,8,8,1,1,1,1,1,0,0,1,8,13,16,15,16,15,15,15,13,15,15,15,15,12,13,15,12,10,9,1,1,0,11,13,12,3,2,2,2,2,2,2,2
282,Royal London Hospital Whitechapel,534722,181806,41,35,35,35,35,35,35,35,35,35,35,36,35,37,36,35,36,39,34,36,35,38,38,40,39,39,39,40,40,40,39,39,38,34,31,28,27,24,22,25,26,26,23,26,25,24,22,22,21
283,Kingsway Covent Garden,530654,181182,15,4,4,4,4,4,4,4,4,4,4,5,5,5,5,5,4,5,6,9,11,12,13,13,14,12,12,11,11,12,11,7,7,13,10,8,8,4,3,2,1,1,1,0,0,0,0,0,0
284,Lambeth North Station Waterloo,531145,179495,20,5,4,4,4,4,4,4,4,4,4,4,4,4,2,2,2,1,3,3,2,1,2,2,4,3,3,2,4,2,0,12,12,12,14,14,12,10,14,16,15,17,17,17,17,17,17,17,18
286,St. John's Wood Road St. John's Wood,526720,182516,34,26,26,26,26,26,26,26,26,26,26,26,25,24,23,21,20,16,10,6,4,3,3,3,3,2,3,2,2,2,2,2,2,2,2,1,1,3,4,5,6,14,17,17,17,18,18,19,19
287,Bedford Way Bloomsbury,529940,182194,21,13,13,13,13,13,13,13,13,13,13,14,6,6,7,7,7,5,1,4,2,3,3,4,4,3,5,6,5,5,4,4,5,5,4,4,2,0,0,0,0,0,0,0,0,0,0,0,0
288,Elizabeth Bridge Victoria,528703,178680,33,31,31,31,31,30,30,30,30,30,30,29,30,31,31,29,29,23,19,21,17,17,16,15,16,16,16,15,16,14,14,16,15,16,15,12,12,18,17,17,18,20,18,18,18,18,18,20,20
289,South Audley Street Mayfair,528391,180548,15,3,3,3,3,3,3,3,3,3,3,3,3,3,3,1,2,5,6,12,14,14,14,14,13,14,4,3,4,3,3,3,2,2,3,2,0,3,0,0,0,0,0,0,0,0,0,0,0
290,Winsland Street Paddington,526691,181346,14,5,5,5,5,5,4,4,4,4,4,4,5,5,0,0,5,0,0,0,1,0,6,4,3,3,2,1,5,6,6,4,4,11,10,11,12,8,9,10,12,13,13,13,13,13,13,14,13
291,Claverton Street Pimlico,529377,177859,27,23,23,23,23,23,23,23,23,23,23,23,23,23,23,23,23,23,21,20,19,19,18,18,18,18,18,17,17,17,17,17,18,19,19,19,18,19,20,24,26,25,25,27,27,26,26,30,30
292,Montpelier Street Knightsbridge,527436,179372,15,3,3,3,3,3,3,3,3,3,3,3,3,3,3,3,4,6,11,14,11,11,13,14,14,12,13,14,15,13,14,12,12,10,13,11,8,4,0,0,0,0,0,0,0,0,1,1,2
293,Kensington Olympia Station Olympia,524383,179216,25,11,11,11,11,11,10,10,10,10,10,10,10,10,9,9,8,6,4,4,1,0,0,0,0,0,2,2,2,4,4,4,4,4,1,1,3,2,1,2,3,4,5,7,6,7,9,10,10
294,St. George's Square Pimlico,529537,178240,15,11,11,11,11,11,11,11,11,11,11,13,13,13,12,10,6,3,1,2,2,2,4,3,3,5,6,6,4,3,2,2,2,2,1,2,7,14,14,14,14,13,13,13,14,14,14,12,12
295,Swan Street The Borough,532479,179659,25,23,21,20,20,20,20,20,20,20,20,21,21,21,21,20,17,14,8,8,5,4,4,4,4,4,4,2,3,3,4,3,0,1,1,2,5,8,8,11,14,13,23,26,27,27,27,26,27
296,Knaresborough Place Earl's Court,525706,178745,18,6,8,8,8,8,8,8,8,8,8,8,8,8,7,7,5,4,3,3,3,1,1,2,2,2,1,1,2,2,3,1,1,3,3,4,4,4,10,11,12,14,15,15,15,15,16,16,16
297,Geraldine Street Elephant & Castle,531572,179171,17,4,4,4,4,4,4,4,4,4,4,4,4,4,3,3,3,2,2,2,2,2,3,3,3,3,2,2,2,2,2,2,2,2,2,2,2,1,3,3,3,3,5,13,13,13,13,13,13
298,Curlew Street Shad Thames,533762,179913,20,20,20,20,20,20,20,20,20,19,19,19,18,17,17,16,14,14,18,18,18,18,16,17,18,19,18,18,20,20,19,19,20,20,20,8,12,7,8,12,15,17,17,17,18,17,16,16,16
299,Vincent Square Westminster,529431,178878,18,8,8,8,8,8,8,8,8,8,8,8,8,8,7,5,6,5,5,4,7,5,6,5,5,6,6,7,7,7,7,8,7,7,7,7,7,5,5,6,6,5,6,7,7,8,8,9,9
300,Serpentine Car Park Hyde Park,526916,180041,16,6,6,6,6,6,6,6,6,6,6,6,6,6,6,8,9,6,6,8,8,11,14,14,15,13,11,9,12,12,15,16,15,15,6,8,4,2,3,1,1,1,1,1,1,1,1,1,1
301,Marylebone Lane Marylebone,528597,181169,22,11,11,11,11,11,11,11,11,11,11,11,12,12,12,14,15,5,13,14,18,16,18,17,16,19,23,23,19,20,18,19,20,21,20,16,10,0,0,0,0,0,1,0,1,1,0,0,1
303,Albert Gate Hyde Park,527912,179837,26,4,4,4,4,4,4,4,4,4,4,5,5,5,5,8,7,8,7,8,6,7,5,7,8,8,11,10,15,6,0,2,11,19,16,6,5,12,4,2,1,2,1,0,0,0,2,2,1
304,Cumberland Gate Hyde Park,527634,180850,20,6,6,6,6,6,6,6,6,6,6,6,6,5,5,4,3,1,0,2,1,2,2,2,3,4,3,5,5,5,11,4,9,12,11,13,11,13,13,17,17,17,17,16,15,15,15,15,15
305,Kennington Lane Tesco Vauxhall,530915,178114,14,14,14,14,14,14,14,14,14,14,14,15,15,15,15,15,13,12,11,10,10,8,8,8,7,7,7,7,7,9,9,10,10,10,10,10,11,14,13,13,13,12,11,11,11,10,10,10,10
306,Rathbone Street Fitzrovia ,529495,181570,16,6,6,6,6,6,6,6,6,6,6,7,7,7,7,6,6,5,11,14,15,15,15,15,15,14,13,13,11,10,10,11,11,11,11,11,9,0,1,0,0,1,1,0,0,0,0,1,0
307,Black Lion Gate Kensington Gardens,525853,180560,20,17,17,17,17,17,17,17,17,17,17,19,19,18,18,12,8,8,13,9,13,10,4,4,0,2,1,18,18,18,18,17,12,15,14,14,19,12,13,18,17,17,17,17,17,17,17,19,19
308,Long Lane  Bermondsey,532975,179536,19,19,19,19,19,19,19,19,19,19,19,19,19,17,17,17,14,6,5,7,8,8,8,8,8,8,8,7,8,8,7,6,7,6,6,6,5,1,1,4,11,15,16,16,19,19,19,20,20
309,Embankment (Savoy) Strand,530628,180649,42,1,1,1,1,1,1,1,1,1,1,1,1,1,1,4,2,1,5,5,5,5,5,5,5,5,5,5,1,1,1,1,1,1,1,1,1,1,1,1,1,36,35,35,35,31,31,30,30
310,Black Prince Road Vauxhall,530830,178567,17,17,17,17,17,17,17,17,17,17,17,16,16,16,16,15,13,12,13,14,13,14,14,16,15,15,14,14,10,9,10,11,12,10,10,10,11,13,18,16,15,16,16,16,16,15,16,16,16
311,Foley Street Fitzrovia,529113,181673,24,1,1,0,0,1,1,1,1,1,1,1,1,1,1,1,4,3,7,9,17,19,17,17,19,14,17,17,22,21,23,23,24,22,13,9,3,0,0,2,1,0,0,0,0,1,0,0,0
312,Grove End Road St. John's Wood,526563,182912,18,3,3,1,1,1,1,1,2,2,10,10,10,10,9,9,3,0,0,0,0,1,0,1,1,2,2,4,5,5,4,4,4,3,2,3,4,7,9,9,9,12,12,12,12,12,12,13,13
313,Wells Street Fitzrovia ,529286,181474,37,1,1,1,1,1,1,3,3,3,3,3,3,3,3,6,9,17,25,36,36,36,36,36,33,36,36,36,36,35,36,36,34,31,28,22,4,1,0,0,0,1,8,7,7,7,5,5,5
314,Tyers Gate Bermondsey,533143,179742,34,31,31,31,31,31,32,32,32,32,32,32,31,30,28,29,29,28,26,26,28,29,30,30,32,32,31,29,29,30,29,29,28,28,27,25,23,19,24,26,24,26,27,26,26,27,28,33,34
315,The Tennis Courts Regent's Park,528195,182339,16,6,6,6,6,6,6,6,6,6,6,6,6,6,6,6,6,6,6,6,7,8,9,9,9,11,9,11,13,10,9,12,12,13,14,14,13,15,13,13,11,10,10,10,10,10,10,11,11
316,Cardinal Place Victoria,529073,179280,7,14,14,14,14,14,14,14,14,14,14,15,15,16,17,18,18,20,18,16,17,17,17,16,20,20,20,19,19,20,20,20,20,20,19,20,16,11,9,8,7,5,6,6,6,6,6,6,6
317,Dickens Square Borough,532409,179267,30,25,25,24,24,24,24,24,24,24,24,24,24,23,23,20,18,16,13,9,8,8,7,7,7,7,6,6,7,8,8,8,8,9,10,11,11,15,15,16,17,18,18,18,20,21,22,22,22
318,Sackville Street Mayfair,529253,180660,18,0,0,0,0,0,0,0,0,0,0,0,0,0,1,5,7,10,14,16,16,16,16,15,16,16,15,14,11,11,8,8,8,6,4,0,1,4,12,8,3,1,0,0,0,0,0,0,0
319,Baldwin Street St. Luke's,532694,182639,20,2,2,2,2,3,3,3,3,3,3,3,3,3,4,2,3,5,9,15,18,19,11,6,9,8,9,11,12,13,17,16,13,12,12,9,8,4,4,5,5,4,2,0,17,17,16,16,16
320,Queen Mother Sports Centre Victoria,529222,178827,24,23,22,21,21,21,21,21,21,21,22,22,22,22,22,19,14,15,17,15,14,14,12,12,13,12,15,11,9,10,9,7,4,4,5,4,8,13,11,10,15,14,13,14,13,13,13,13,14
321,Bermondsey Street Bermondsey,533260,179407,23,16,16,18,16,16,16,16,17,17,17,17,16,16,13,12,6,0,5,1,2,4,4,4,3,1,1,1,4,6,5,3,0,0,0,1,0,2,9,13,17,20,18,20,20,19,19,19,20
322,Palissy Street Shoreditch,533708,182584,25,24,24,24,24,24,24,24,24,24,24,24,24,24,23,22,19,18,18,15,16,18,17,18,18,18,19,19,19,19,18,19,18,17,16,16,15,16,18,20,21,23,23,23,24,24,24,24,24
323,Clifton Street Shoreditch,533085,182222,24,0,0,0,0,0,0,0,0,0,0,0,0,2,2,2,8,11,18,21,23,23,23,23,24,24,24,23,20,19,21,21,22,22,18,15,6,3,1,3,3,1,0,0,1,1,1,2,2
324,Ontario Street Elephant & Castle,531891,179223,15,13,13,14,10,13,13,9,9,9,9,9,9,9,9,9,8,8,8,5,6,7,6,6,7,7,7,9,9,8,10,10,9,10,8,9,10,7,6,8,10,12,11,11,11,11,10,11,11
325,St. Martin's Street West End,529890,180570,18,0,0,0,0,0,0,0,0,0,0,0,0,0,0,0,1,2,4,4,5,5,5,5,5,6,10,11,15,16,18,18,18,17,15,14,17,15,18,18,18,17,17,16,9,3,3,3,3
326,Graham Street Angel,531884,183245,25,14,14,16,15,15,15,15,15,15,15,15,15,14,7,3,0,0,0,2,4,2,1,2,1,3,3,2,2,1,8,19,18,18,16,18,21,16,20,21,21,18,18,17,18,18,18,20,21
327,New North Road 1 Hoxton,532857,183101,21,15,15,15,15,15,15,15,15,15,15,15,15,15,15,15,15,14,8,6,3,1,0,1,1,1,0,0,0,0,0,0,6,6,6,6,7,7,7,7,7,7,7,9,9,11,14,17,17
328,New North Road 2 Hoxton,532886,183080,22,16,17,17,17,17,19,19,19,19,19,19,19,19,19,16,13,8,1,0,0,0,0,0,0,0,0,2,1,2,2,0,4,7,8,8,10,11,8,10,12,15,19,19,21,21,21,21,21
329,Prince Albert Road Regent's Park,527653,183496,23,11,13,13,12,12,12,12,12,12,12,13,13,13,10,11,9,2,0,0,0,0,0,2,1,0,0,2,2,0,0,0,0,3,2,2,2,11,10,8,8,9,9,9,9,9,9,9,9
330,Eastbourne Mews Paddington,526439,181299,33,22,22,22,22,22,22,22,22,22,22,23,22,23,23,22,21,21,19,16,11,11,11,11,12,10,6,8,9,11,11,11,12,11,8,4,3,1,3,0,2,3,4,4,5,6,7,7,7
331,Bunhill Row Moorgate,532619,181950,29,6,8,8,0,0,0,0,0,0,0,1,1,4,8,11,17,21,24,28,29,29,29,29,29,27,28,27,13,13,11,8,7,5,2,1,10,3,0,0,0,1,0,1,0,1,0,0,0
332,Nevern Place Earl's Court,525419,178706,20,11,12,13,14,14,14,14,14,14,14,13,13,13,13,13,12,9,9,9,7,5,6,5,5,8,8,7,6,7,7,5,5,3,3,3,5,5,7,11,15,16,18,18,17,17,16,17,16
333,Palace Gardens Terrace Notting Hill,525446,180405,37,18,19,19,19,19,19,19,19,19,19,20,20,20,19,17,17,17,17,17,16,16,15,15,13,11,9,9,10,9,10,11,14,15,9,8,4,3,8,10,11,14,16,15,15,15,17,18,18
334,Concert Hall Approach 1 South Bank,530863,180145,10,9,9,9,9,9,9,9,9,9,9,10,10,9,9,9,4,8,10,0,0,6,5,5,1,1,1,1,1,2,3,4,1,1,2,1,0,0,8,10,10,10,10,7,5,3,1,1,0
335,Tavistock Street Covent Garden,530505,180906,33,0,0,0,0,0,0,0,0,0,0,0,0,0,2,2,2,5,3,7,12,6,6,6,6,6,8,8,5,7,7,5,3,3,0,0,12,2,1,0,0,0,4,0,0,0,0,0,0
336,Concert Hall Approach 2 South Bank,530885,180134,17,2,2,2,2,2,2,2,2,2,2,2,2,2,2,3,15,14,16,0,0,0,0,0,3,3,3,2,0,0,1,1,2,2,3,5,7,2,17,17,17,15,15,15,14,12,10,10,10
337,Pembridge Villas Notting Hill,525178,180674,15,3,3,3,3,3,3,3,3,3,3,4,4,4,4,3,3,0,0,0,0,0,8,9,9,11,12,13,11,8,8,8,7,7,9,7,5,5,9,11,12,12,15,15,14,15,15,15,15
338,Wellington Street  Strand,530580,180884,15,0,0,0,0,0,0,0,0,0,0,0,1,3,3,1,1,3,4,6,2,2,4,5,7,8,10,7,9,10,9,7,8,12,9,7,1,2,2,1,0,0,0,0,0,0,0,0,1
339,Risinghill Street Angel,531064,183297,25,13,13,13,13,13,13,13,13,13,13,13,13,13,12,10,5,1,0,0,2,2,1,2,2,6,4,5,4,4,5,5,5,6,5,5,7,8,10,10,10,10,11,12,14,14,15,16,16
340,Bank of England Museum Bank,532797,181241,16,0,0,0,0,0,0,0,0,0,0,0,0,1,8,3,2,1,14,16,15,16,16,15,14,16,16,15,15,14,14,15,15,15,14,8,5,1,0,0,1,0,0,0,0,0,0,0,0
341,Craven Street Strand,530148,180467,22,3,3,6,0,0,6,3,4,4,3,5,5,4,3,3,1,1,6,14,15,17,17,18,16,13,11,14,19,19,19,16,3,10,20,18,18,11,17,15,12,16,14,15,14,15,13,13,13
343,London Zoo Car Park Regent's Park,528391,183629,35,29,30,30,30,30,30,30,30,30,30,31,31,30,29,28,26,25,23,23,24,23,26,26,26,27,27,26,26,26,26,25,25,23,22,24,23,26,31,19,19,19,17,18,19,19,19,19,19
344,Goswell Road (City Uni) Finsbury,531825,182752,14,5,5,5,5,8,8,10,9,9,9,9,9,9,8,8,9,6,7,8,5,5,5,6,5,5,6,6,8,9,8,9,8,6,4,2,2,2,4,4,5,6,7,8,8,8,7,8,8
345,Flood Street Chelsea,527369,178162,17,8,8,8,8,8,8,8,8,8,8,8,8,5,6,6,6,1,0,2,3,1,5,7,6,6,8,9,7,6,7,6,8,8,4,6,5,4,13,14,15,16,15,17,16,17,17,17,17
347,Lower Marsh Waterloo,531010,179603,17,11,11,11,11,11,11,11,11,11,11,11,11,11,10,10,10,14,12,13,13,12,12,12,11,11,11,12,12,12,12,16,14,14,14,13,10,8,10,7,15,15,15,15,15,12,13,13,12
348,Grosvenor Square Mayfair,528439,180876,15,2,2,2,2,2,2,2,2,2,2,6,6,6,6,8,12,12,12,12,11,12,11,12,11,11,12,4,3,4,6,6,8,9,6,2,0,0,0,0,0,0,0,0,0,0,0,0,0
349,St. George Street Mayfair,528974,180866,18,2,2,2,3,3,3,2,2,2,2,3,4,5,5,8,9,18,18,12,13,15,15,13,13,15,17,18,16,17,17,17,17,16,17,13,10,4,0,1,3,0,0,0,0,0,0,0,0
350,Queen's Gate Kensington Gardens,526430,179662,20,20,20,20,20,20,20,20,20,20,20,21,21,20,21,21,21,20,21,21,21,21,20,14,16,16,11,13,13,18,18,20,15,11,6,6,5,5,3,1,2,7,7,7,7,7,7,7,7
351,Macclesfield Rd St Lukes,532092,182890,26,10,10,10,10,11,11,11,11,11,11,11,11,11,11,10,8,0,13,13,11,11,11,11,11,11,11,11,9,9,9,7,7,7,6,6,9,11,13,15,17,18,18,17,16,16,16,17,17
352,Vauxhall Street Vauxhall,530861,178133,18,19,19,19,19,19,19,19,19,19,19,19,19,19,18,18,18,17,17,15,14,14,13,13,13,13,14,14,15,14,15,15,16,16,16,16,18,18,10,10,10,11,11,12,12,12,12,12,12
353,Greycoat Street  Westminster,529617,178950,16,8,9,9,9,9,9,9,9,9,9,9,9,9,9,9,1,2,5,3,4,5,8,8,8,8,10,10,10,10,10,11,12,12,12,13,7,6,4,4,4,2,2,2,2,3,4,4,4
354,Northumberland Avenue Strand,530313,180322,35,5,5,5,10,10,10,10,10,7,7,7,7,7,7,8,6,1,5,6,5,5,6,5,6,6,7,8,13,13,15,16,17,15,18,19,21,23,23,21,21,21,21,21,19,19,21,21,22
355,Oval Way Lambeth,530816,178089,21,21,21,21,21,21,21,20,20,20,20,20,20,20,20,20,19,18,15,15,16,17,17,17,17,17,18,18,18,18,17,17,16,15,15,15,20,12,14,15,16,16,17,17,17,17,17,17,17
356,South Kensington Station South Kensington,526865,178860,14,2,2,2,2,2,2,2,2,2,2,2,2,2,1,1,5,6,7,8,8,7,8,9,9,10,9,12,7,7,6,9,7,7,6,6,4,10,5,3,4,4,6,5,5,3,3,0,0
357,Howland Street Fitzrovia,529210,181878,29,3,4,4,4,4,4,4,4,4,4,4,4,4,3,4,3,10,15,20,23,23,22,27,28,28,28,27,28,27,26,27,26,25,18,17,5,1,2,0,0,0,0,0,0,1,2,1,0
358,High Holborn  Covent Garden,530242,181396,16,8,6,6,6,6,6,6,6,6,6,6,6,6,7,9,8,9,12,16,16,16,16,16,15,16,12,11,11,10,11,9,9,8,11,12,10,3,0,1,2,1,0,1,0,0,0,0,0
359,Butler Place Westminster,529524,179308,17,1,0,0,0,0,0,0,0,0,0,1,1,1,1,3,9,14,16,9,14,15,14,14,13,12,13,13,15,15,15,15,15,15,9,5,0,0,0,0,0,0,13,12,12,12,12,13,13
360,Howick Place Westminster,529298,179182,27,19,19,19,19,19,19,19,19,19,19,19,19,18,21,19,19,21,21,24,25,25,25,25,22,25,22,23,24,22,23,21,22,21,20,19,19,10,5,2,1,0,0,2,7,7,5,5,5
361,Waterloo Station 2 Waterloo,531034,180024,54,49,49,49,49,51,51,51,51,51,51,52,52,52,49,38,35,14,1,0,0,0,15,11,9,9,8,6,7,6,6,6,6,5,5,5,23,52,52,52,52,52,52,52,52,52,52,53,53
362,Royal College Street Camden Town,529518,183584,53,26,26,26,26,25,25,25,25,25,25,25,25,25,24,25,23,19,15,13,15,14,11,11,7,9,9,10,10,11,10,10,9,10,10,8,9,6,7,8,6,23,23,25,27,27,27,31,31
363,Lord's St. John's Wood,526956,182725,22,16,16,16,16,16,16,16,15,15,15,15,15,15,15,15,16,16,13,13,12,12,12,13,13,13,13,13,13,12,11,11,11,12,13,11,11,10,10,10,10,9,10,10,10,10,8,8,10
364,Alfred Place Bloomsbury,529677,181741,40,3,3,3,3,3,3,3,3,3,3,3,3,3,2,2,5,12,23,29,33,37,38,39,39,38,38,39,38,39,38,38,38,37,34,31,23,8,1,0,0,1,0,0,1,1,1,1,1
365,City Road Angel,531878,182987,45,22,22,22,22,22,22,22,22,22,22,22,22,21,20,20,22,12,23,23,19,17,19,16,16,15,14,17,14,14,14,12,11,17,16,14,15,14,18,20,23,25,25,24,24,24,24,25,25
366,Millennium Hotel Mayfair,528398,180736,26,4,4,4,4,4,4,4,4,4,4,5,5,5,5,6,7,13,26,26,26,25,17,17,18,18,18,18,18,17,18,19,19,19,16,15,8,0,14,9,7,4,2,1,1,1,0,0,0
367,Harrowby Street Marylebone,527472,181431,16,9,11,11,11,11,11,11,11,11,11,11,11,11,11,10,8,6,4,2,1,1,1,1,1,2,3,3,2,3,3,3,3,1,3,5,7,10,10,9,8,9,9,9,10,10,11,11,11
368,Harriet Street Knightsbridge,527858,179534,25,8,8,7,7,7,7,7,7,7,7,7,7,7,7,7,8,7,10,11,11,11,12,13,11,12,13,13,15,16,15,15,14,15,13,9,8,7,9,10,11,6,7,6,6,5,5,5,5
369,Victoria Embankment Temple,531426,180839,18,0,0,0,0,0,0,0,0,0,0,0,0,0,0,0,3,10,14,17,14,15,18,18,18,18,20,19,19,18,18,19,18,19,20,18,12,0,0,1,1,3,1,0,0,0,0,0,0
370,Paddington Green Paddington,526744,181728,20,7,7,8,7,7,7,7,7,7,7,7,7,7,7,7,6,4,2,1,1,1,1,1,1,1,1,1,2,2,4,4,4,5,5,6,6,6,5,5,5,4,3,2,3,3,3,3,5
371,King Edward Walk Waterloo,531298,179345,21,17,17,17,17,17,17,17,17,17,17,17,17,16,16,16,15,16,17,16,14,13,13,12,12,12,12,13,15,16,16,17,16,14,13,12,13,13,14,15,16,17,15,16,14,14,14,14,14
372,Sardinia Street Holborn,530694,181271,23,1,1,1,1,1,1,1,1,1,1,1,2,2,2,4,4,6,11,12,17,20,21,23,23,16,19,20,21,23,22,23,23,19,18,16,12,4,1,0,0,0,0,0,0,0,0,0,0
373,Prince Consort Road Knightsbridge,526674,179456,17,0,0,0,0,0,0,0,0,0,0,0,0,0,0,0,0,0,5,8,10,10,14,16,17,18,18,18,18,17,18,18,16,15,13,12,12,12,7,3,3,3,1,1,1,1,0,0,0
374,Waterloo Station 1 Waterloo,531003,180035,34,29,29,29,29,31,31,31,31,31,31,31,31,32,32,30,33,34,0,2,1,26,24,22,21,21,20,23,22,21,25,26,12,20,6,21,27,35,35,35,33,32,34,34,34,33,33,35,35
375,Kensington Town Hall Kensington,525421,179663,18,5,5,5,5,5,5,5,5,5,5,5,5,5,4,2,1,3,4,4,7,8,8,8,7,7,7,5,5,5,5,6,6,6,7,7,6,5,7,7,10,10,10,10,10,10,10,10,10
376,Millbank House Pimlico,530218,178664,21,4,4,4,4,4,4,4,4,4,4,5,5,5,5,5,5,6,7,10,15,16,19,20,19,17,18,18,17,15,14,15,17,16,16,14,8,10,7,8,10,10,10,10,10,10,10,10,9
377,Waterloo Bridge South Bank,531014,180183,15,11,11,11,11,14,14,14,14,14,14,15,15,15,15,15,15,13,10,6,1,0,1,1,0,3,4,5,5,5,3,2,2,3,5,3,7,13,15,15,13,14,13,11,10,9,7,7,8
378,Natural History Museum South Kensington,526501,178983,40,12,12,12,12,12,12,12,12,12,12,11,11,11,12,12,11,12,10,7,7,9,10,10,10,10,10,10,9,10,10,11,9,9,9,9,8,8,10,13,14,16,16,16,16,16,16,17,18
379,Turquoise Island Notting Hill,524939,181027,19,3,5,5,5,5,5,5,5,5,5,5,5,5,4,3,0,0,0,0,0,0,6,6,7,7,7,5,5,2,4,3,2,2,2,11,18,14,19,18,18,18,19,19,19,17,19,20,20
380,Stanhope Gate Mayfair,528441,180285,20,9,9,9,8,8,8,8,8,8,8,8,8,8,9,9,11,13,16,17,20,21,21,20,21,12,12,12,10,13,13,13,13,11,10,10,10,5,2,0,0,0,0,1,0,0,0,0,0
381,Charlotte Street Fitzrovia,529439,181721,14,3,3,3,3,3,3,3,3,3,3,3,3,4,5,4,2,8,14,14,13,13,14,14,10,5,4,3,3,0,2,5,5,6,6,4,0,0,1,2,0,2,1,0,0,0,0,0,0
382,Farm Street Mayfair,528658,180567,14,3,3,3,3,3,3,3,3,3,3,3,3,3,4,5,6,6,8,11,13,13,13,13,13,8,8,9,8,8,8,7,7,5,5,2,0,0,0,0,1,0,0,0,0,0,2,2,2
383,Frith Street Soho,529774,181014,18,0,0,0,0,0,0,0,0,0,0,0,0,0,1,1,1,0,15,17,17,17,17,17,17,17,15,16,15,14,15,11,12,15,13,12,10,12,7,6,0,1,1,0,0,0,1,0,0
384,Marloes Road Kensington,525574,179059,15,10,10,10,10,10,10,10,10,10,10,10,10,10,10,9,9,7,7,7,7,8,8,8,8,7,7,6,5,5,5,3,5,5,6,7,7,7,5,5,5,6,6,6,7,7,8,8,8
386,Moor Street Soho,529849,181063,15,0,0,0,0,0,0,0,0,0,0,1,1,0,0,0,0,1,4,12,12,12,12,12,12,11,11,11,8,9,10,11,10,9,9,8,10,7,9,7,2,1,0,0,0,0,1,4,2
387,Fire Brigade Pier Vauxhall,530510,178873,29,1,1,3,3,3,3,4,4,4,4,5,15,15,15,15,16,16,19,24,24,24,24,24,23,22,22,20,22,22,22,22,21,20,17,12,7,9,6,7,9,13,16,25,25,23,23,24,24
388,Southampton Street Strand,530439,180763,11,0,0,0,0,0,0,0,0,0,0,0,0,1,2,3,5,3,5,7,2,4,3,3,1,6,5,6,1,3,3,3,4,3,3,8,0,0,0,0,1,0,3,0,1,0,0,0,0
389,Upper Grosvenor Street Mayfair,528079,180640,18,2,1,0,0,0,0,0,0,0,0,0,0,0,0,0,1,3,3,2,4,4,4,4,6,6,9,9,8,9,11,12,12,12,11,11,11,7,4,4,4,2,2,2,2,2,1,1,0
390,Buxton Street 1 Bangla Town,534075,182090,41,21,21,21,21,22,22,22,23,23,23,23,23,23,23,23,25,24,24,24,21,21,20,20,20,20,20,20,20,20,20,20,20,19,20,20,22,25,25,25,26,25,25,25,26,27,28,29,29
391,Clifford Street Mayfair,529008,180723,26,1,1,1,1,1,1,1,1,1,1,1,1,1,2,5,11,15,21,25,25,25,23,23,25,21,22,22,23,25,23,23,22,22,20,17,9,3,1,0,0,0,0,0,0,0,0,0,0
392,Imperial College Knightsbridge,526447,179408,17,14,14,14,14,14,14,13,13,13,13,13,13,13,13,12,13,14,18,21,20,20,20,20,20,20,20,19,18,19,17,16,13,11,9,8,5,0,0,3,3,3,4,4,2,1,2,1,1
393,Snow Hill Farringdon,531677,181533,14,2,2,2,2,2,2,2,2,2,3,3,2,2,3,5,6,4,8,13,12,12,12,12,12,12,11,10,9,9,13,12,13,11,10,10,5,0,1,0,0,0,0,0,0,0,0,0,0
394,Aberdeen Place St. John's Wood,526615,182238,18,12,13,13,13,13,13,13,13,13,13,13,13,13,13,13,12,8,5,3,1,0,0,0,1,0,0,0,0,0,0,1,1,2,1,5,6,4,5,14,17,17,15,15,15,15,15,15,15
395,Cadogan Gardens Sloane Square,527840,178668,14,1,1,1,1,1,1,1,1,1,1,1,1,1,1,1,0,2,2,3,5,5,6,6,8,8,9,9,10,10,10,9,7,8,10,10,9,6,8,8,8,9,8,7,8,8,9,10,10
396,Shouldham Street Marylebone,527512,181512,16,11,13,13,13,13,13,13,13,13,13,13,13,13,13,13,10,8,2,3,2,1,0,0,1,3,4,2,2,2,4,5,4,3,3,3,3,0,3,3,1,2,1,2,1,3,3,7,8
397,Devonshire Terrace Bayswater,526404,180971,15,9,9,9,11,11,11,11,11,11,11,10,10,10,9,5,2,1,0,0,0,1,1,3,1,5,3,1,1,3,2,2,3,3,2,0,1,4,5,11,10,11,12,14,14,14,14,14,14
398,Holland Park Kensington,524979,179694,30,6,6,6,6,6,6,6,6,6,6,6,6,6,5,5,4,2,2,2,1,0,0,0,0,0,0,0,0,0,0,0,2,0,0,0,0,0,0,0,0,0,0,0,0,0,0,0,1
399,Brick Lane Market Shoreditch,533878,182179,24,20,20,21,19,19,18,18,18,18,18,18,18,17,17,12,13,13,12,14,16,16,17,17,15,14,12,12,14,13,13,15,15,15,18,18,18,20,21,23,23,22,19,19,18,18,18,16,16
400,George Street Marylebone,528172,181485,25,13,13,13,13,13,13,13,13,13,13,14,14,14,14,14,17,20,22,23,25,24,25,25,26,26,24,23,23,24,26,26,25,26,23,22,18,14,8,7,5,7,7,8,8,5,5,4,3
401,Columbia Road Weavers,533604,182792,24,21,21,21,21,20,20,20,19,19,19,20,20,18,18,19,15,13,11,10,10,9,7,9,9,8,11,11,10,9,9,9,9,9,11,12,10,12,12,12,12,12,15,14,14,17,17,17,15
402,Penfold Street Marylebone,526939,182031,15,12,12,12,12,12,12,12,12,12,12,12,11,12,12,12,11,9,7,5,4,4,3,0,0,0,1,1,1,2,2,3,2,2,2,2,1,2,2,2,1,1,11,12,13,13,14,14,15
403,George Place Mews Marylebone,527887,181388,16,12,12,12,12,10,10,10,10,10,10,11,11,11,11,11,14,10,5,5,5,6,6,7,5,7,6,6,5,7,5,5,3,3,2,3,3,1,1,4,3,4,3,3,3,2,2,2,2
404,Palace Gate Kensington Gardens,526114,179690,13,10,10,10,10,10,10,10,10,10,10,13,13,13,13,13,13,8,6,7,12,10,10,7,3,2,6,9,7,6,11,10,7,2,8,14,15,15,15,14,12,13,13,13,13,13,13,14,14
405,Gloucester Road Station South Kensington,526256,178820,15,13,13,13,13,13,13,13,13,13,13,13,13,13,14,13,13,12,12,12,10,11,10,7,7,8,9,7,8,8,9,8,10,8,5,5,10,11,9,13,14,12,14,13,14,8,6,8,9
406,Speakers' Corner 2 Hyde Park,527779,180874,25,5,5,5,5,5,5,5,5,5,5,5,5,5,5,3,3,4,2,3,13,14,10,9,9,5,20,20,15,12,13,14,11,7,0,3,3,5,7,14,17,19,18,20,20,19,18,18,18
407,Speakers' Corner 1 Hyde Park,527724,180863,20,6,6,6,6,6,6,6,6,6,6,6,6,6,5,4,4,5,4,7,8,6,6,3,2,0,6,1,0,0,1,0,0,1,0,0,1,4,8,8,4,6,5,4,4,4,4,4,4
408,Paddington Green Police Station Paddington,527015,181705,40,30,30,30,30,30,30,31,31,31,31,30,30,30,30,30,30,32,31,30,30,31,32,32,32,32,32,32,32,31,31,32,32,32,34,33,31,28,27,27,27,26,26,26,26,26,26,26,26
409,Strata Southwark,532009,178850,21,20,20,20,20,20,20,20,20,20,20,20,20,20,19,18,17,13,2,2,2,2,1,0,1,2,1,2,2,1,2,3,2,2,0,1,4,4,10,15,18,18,20,20,20,20,20,20,20
410,Edgware Road Station Paddington,527079,181709,63,38,39,38,40,41,41,41,41,41,41,42,42,42,42,42,42,43,44,40,38,37,35,32,32,33,33,35,35,35,34,30,31,32,32,31,30,35,36,36,41,43,42,41,41,44,44,47,49
411,Walworth Road Southwark,532019,178876,30,28,28,27,28,27,28,28,28,28,28,29,29,29,29,29,28,24,16,16,17,15,15,14,14,15,11,13,14,14,16,13,13,13,17,22,25,29,30,30,30,30,30,28,27,27,29,30,30
412,Cleaver Street Kennington,531309,178272,16,16,16,16,16,16,16,16,16,16,16,16,16,16,16,15,13,12,8,7,6,6,7,7,4,5,5,5,6,6,6,7,6,5,6,6,7,11,12,15,16,16,16,16,12,12,12,15,15
419,Chelsea Bridge Pimlico,528616,177949,15,4,4,4,4,4,4,4,4,4,4,4,4,4,4,3,1,0,0,0,0,0,0,1,1,1,1,1,1,1,4,3,3,1,3,2,2,2,6,8,9,10,11,10,11,11,11,13,12
420,Southwark Station 1 Southwark,531597,180053,36,36,36,36,36,36,36,36,36,36,36,36,36,36,36,36,36,37,34,31,32,32,32,29,30,33,34,35,33,34,34,35,36,35,35,35,35,35,35,35,35,35,35,34,34,34,34,34,34
421,Southwark Station 2 Southwark,531634,180054,0,27,29,29,29,29,29,32,32,32,32,32,32,33,35,35,30,26,22,20,21,18,20,16,18,18,19,16,18,19,19,16,14,11,11,13,16,27,31,35,37,36,36,35,37,37,37,34,34
423,Eaton Square (South) Belgravia,528249,178912,31,11,11,11,11,11,11,11,11,11,11,11,11,11,12,13,15,13,12,14,12,12,11,11,11,11,9,10,10,10,10,11,11,11,10,9,9,8,4,2,2,4,4,4,4,4,4,4,4
424,Ebury Bridge Pimlico,528590,178468,29,17,17,17,17,17,17,18,18,18,18,18,18,18,18,16,14,13,10,9,6,6,3,3,2,2,2,1,0,0,0,0,0,1,0,1,4,3,1,1,2,6,7,9,10,10,7,6,6
425,Harrington Square 2 Camden Town,529165,183255,37,11,12,12,12,12,12,12,11,11,11,11,11,11,12,12,14,13,13,14,14,14,11,11,13,12,12,11,10,10,10,7,7,6,5,9,4,4,4,4,4,4,6,7,6,7,11,13,13
426,Vincent Street Pimlico,529920,178789,16,6,6,6,6,6,6,6,6,6,6,6,6,6,6,5,5,4,3,2,9,10,10,10,10,7,7,7,7,8,9,9,8,8,8,11,10,9,10,12,14,14,16,16,16,16,16,16,15
427,Cheapside Bank,532427,181178,43,0,0,0,0,0,0,0,0,0,0,0,0,0,1,12,7,16,28,33,35,38,39,41,38,39,42,43,42,42,40,40,41,40,40,34,20,1,0,0,0,0,1,1,1,1,0,0,0
428,Exhibition Road South Kensington,526803,179471,16,1,1,1,1,1,1,1,1,1,1,1,1,1,0,2,4,5,10,8,13,18,19,17,17,17,18,19,19,19,18,18,19,19,12,12,6,1,0,1,2,0,0,0,0,0,0,1,1
430,South Parade Chelsea,526786,178259,18,11,11,11,11,11,11,10,10,10,10,10,10,10,10,10,9,5,1,0,2,0,0,0,1,1,1,0,2,2,2,1,1,1,1,1,2,0,1,3,3,3,3,3,4,4,2,2,2
431,Crinan Street King's Cross,530338,183406,20,6,6,6,8,8,8,8,8,8,8,8,8,8,8,8,9,10,9,4,2,4,4,3,2,1,3,2,2,2,1,1,1,2,0,2,0,5,12,18,18,17,17,17,18,17,17,17,17
432,Exhibition Road Museums Knightsbridge,526857,179143,21,2,2,2,3,3,3,3,3,3,3,3,2,2,2,3,5,9,11,10,8,5,5,4,4,4,13,11,11,7,7,7,7,13,6,4,2,2,2,1,3,4,1,0,2,1,0,0,0
433,Wren Street Holborn,530777,182315,31,10,7,11,11,11,12,12,12,12,12,13,13,13,13,16,16,15,17,15,19,22,22,19,18,19,18,17,18,20,18,15,13,12,13,11,9,1,3,0,0,1,20,22,17,5,2,3,3
434,Mechanical Workshop PS,622686,-5527497,2,0,0,0,0,0,0,0,0,0,0,0,0,0,0,0,0,0,0,0,0,0,0,0,0,0,0,0,0,0,0,0,0,0,0,0,0,0,0,0,0,0,0,0,0,0,0,0,0
435,Kennington Station Kennington,531621,178363,22,22,22,22,22,22,22,22,22,22,22,23,23,23,23,22,16,7,2,1,0,0,0,1,1,0,0,1,1,1,1,2,1,1,2,5,9,12,10,6,7,11,11,13,19,20,23,23,23
436,Red Lion Street Holborn,530776,181611,34,8,8,8,8,8,8,7,7,2,2,2,2,2,4,7,16,11,24,29,32,32,29,30,29,31,30,28,27,26,24,21,22,18,5,1,6,0,17,11,6,3,0,0,0,0,0,0,0
437,Vauxhall Walk Vauxhall,530560,178254,26,26,26,26,26,26,26,26,26,26,26,26,26,26,26,26,26,25,24,26,26,25,25,25,24,24,22,22,23,22,21,22,22,23,25,25,23,25,25,25,25,25,25,25,25,25,25,25,25
439,Killick Street Kings Cross,530584,183338,21,5,6,6,6,6,6,6,6,6,6,6,6,6,7,6,5,4,2,0,0,1,3,1,1,0,17,17,18,19,20,13,13,13,12,12,11,15,19,20,20,20,15,15,15,15,15,16,16
440,Kennington Oval Oval,531114,177715,32,32,32,32,32,32,32,32,32,32,32,33,32,32,31,31,29,28,24,21,20,20,16,13,12,11,11,11,11,12,11,9,7,7,8,12,14,20,24,25,26,28,29,32,32,32,31,31,31
441,Sail Street Vauxhall,530976,179103,24,16,16,16,16,16,16,16,16,16,16,16,16,16,16,15,15,15,13,12,13,13,13,13,12,12,13,13,11,12,12,12,12,13,13,13,14,13,15,16,16,17,17,16,15,16,16,18,18
442,Walmer Road Notting Hill,524221,180541,24,7,7,7,7,7,7,7,7,7,7,6,6,6,6,6,6,5,7,9,7,7,6,6,7,7,7,7,6,7,8,8,10,10,11,13,15,15,16,18,20,20,22,18,18,18,19,19,19
443,Philpot Street Whitechapel,534803,181384,30,11,14,12,12,10,10,10,10,10,10,10,10,10,9,9,9,6,1,1,1,0,1,16,16,17,20,20,22,21,20,21,20,20,21,21,20,21,22,26,27,26,24,25,27,26,28,28,27
444,Bethnal Green Gardens Bethnal Green,535003,182549,24,18,18,18,18,18,18,18,18,18,18,19,20,19,20,19,17,17,17,17,17,17,17,15,14,17,13,14,16,16,15,15,12,11,9,10,11,11,11,12,14,13,10,10,9,9,10,13,13
445,Cheshire Street Bethnal Green,534331,182331,26,1,9,19,19,19,19,19,19,19,19,20,20,20,20,18,17,15,11,8,6,4,4,6,6,5,6,6,6,5,5,4,5,6,7,6,6,8,10,14,13,16,17,17,19,20,19,20,19
446,York Hall Bethnal Green,534953,182910,26,16,16,16,16,16,17,17,17,17,17,19,19,18,18,19,19,16,14,13,14,15,14,13,13,13,13,11,10,11,12,11,10,10,8,4,9,12,12,11,12,14,15,15,17,17,18,19,18
447,Jubilee Crescent Cubitt Town,538414,179047,53,27,27,27,27,27,27,27,27,27,27,27,26,26,25,25,24,19,17,14,15,14,15,15,15,15,15,15,13,14,16,16,17,20,21,20,21,18,24,27,28,29,32,32,32,33,34,34,34
448,Fishermans Walk West Canary Wharf,537305,180447,36,0,0,0,0,0,0,0,0,0,1,1,2,4,13,18,28,34,35,28,30,21,22,22,20,19,19,19,17,17,16,17,17,14,9,10,0,0,0,0,1,0,0,0,0,0,0,0,0
449,Shadwell Station Shadwell,534918,180924,33,18,18,18,19,18,18,18,18,19,19,20,19,18,18,16,16,13,14,9,8,7,7,7,6,6,6,3,3,2,1,1,2,2,2,4,6,4,7,13,17,19,20,22,27,27,30,30,32
450,Jubilee Street Stepney,535180,181474,28,23,23,23,23,23,23,23,24,24,24,23,22,22,21,20,17,14,12,8,3,3,2,1,1,1,0,0,0,0,0,0,0,1,3,2,5,6,9,17,17,18,22,25,25,26,26,26,26
451,Hermitage Court Wapping,534494,180203,15,10,10,10,10,11,11,11,11,11,11,11,11,12,12,10,9,10,4,11,12,12,12,11,12,12,11,10,9,11,12,12,12,12,12,12,11,12,12,12,12,15,15,15,15,15,15,16,16
452,St Katharines Way Tower,534005,180299,23,20,20,20,20,20,20,20,20,20,20,21,21,21,20,21,20,20,21,21,20,20,20,21,20,20,21,21,21,21,21,21,20,19,18,17,15,13,15,16,15,13,13,13,13,14,14,14,15
453,Garnet Street Shadwell,535064,180633,24,16,16,16,16,16,16,16,16,16,16,17,17,17,17,15,11,3,0,0,17,18,18,18,17,18,18,17,17,17,17,17,17,17,20,20,21,21,22,22,22,21,22,22,22,22,22,22,22
454,Napier Avenue Millwall,537457,178387,19,18,18,18,17,17,17,17,17,17,17,18,16,15,15,12,11,8,2,1,1,1,1,0,0,0,0,0,0,0,3,3,3,3,3,3,6,5,7,9,11,13,14,16,16,19,19,19,19
455,East Ferry Road Cubitt Town,537934,179155,16,10,10,10,10,10,10,10,10,10,10,10,11,11,11,10,10,10,10,10,10,10,10,11,11,11,11,9,9,9,6,5,6,7,7,6,5,9,10,9,9,10,9,9,10,9,9,9,9
456,Parkway Camden Town,528770,183767,0,0,0,0,0,0,0,0,0,0,0,0,0,0,0,0,0,0,0,0,0,0,0,0,0,0,0,0,0,0,0,0,0,0,0,0,0,0,0,0,0,0,0,0,0,0,0,0,0
457,Castlehaven Road Camden Town,528708,184217,27,24,23,23,23,23,23,23,23,23,23,25,25,24,23,20,17,12,9,4,2,3,3,3,2,1,0,1,2,4,5,1,4,4,6,4,4,4,7,9,9,13,17,19,20,23,23,24,24
458,Wapping Lane Wapping,534910,180218,28,25,26,26,26,26,26,26,26,26,26,27,27,27,27,25,26,21,13,10,9,9,5,4,4,2,2,4,5,6,5,5,4,6,6,8,17,27,27,27,27,25,26,26,26,26,26,26,26
459,Gun Makers Lane Old Ford,536496,183647,17,11,11,12,12,12,12,12,12,12,12,13,13,13,14,12,13,10,8,6,6,6,6,6,6,6,2,2,2,2,2,3,3,4,4,5,6,7,8,11,8,7,7,8,8,8,8,9,9
460,Burdett Road Mile End,536847,181544,32,29,30,30,30,31,31,31,31,31,31,31,31,31,31,30,30,29,27,27,26,24,23,23,23,26,22,21,22,26,26,28,29,29,29,31,31,31,31,31,29,29,29,28,29,29,28,29,30
461,Aston Street Stepney,536179,181503,25,20,20,20,20,20,20,20,20,20,20,21,21,21,20,19,19,17,13,13,12,12,13,10,10,11,11,11,8,7,8,7,7,5,6,5,8,11,14,15,14,17,18,18,22,23,23,24,24
462,Bonny Street Camden Town,529163,184169,45,41,41,41,41,41,41,42,42,43,43,45,45,45,44,41,37,30,24,18,13,10,10,10,9,9,6,6,7,9,7,6,6,5,6,6,7,16,26,29,29,34,35,34,35,36,35,34,34
463,Thurtle Road Haggerston,533827,183530,21,7,7,7,7,7,7,7,7,7,7,7,7,7,7,9,10,5,0,0,1,0,1,1,1,1,6,6,6,6,6,7,7,7,8,8,8,10,9,13,14,18,21,21,21,21,21,21,21
464,St. Mary and St. Michael Church Stepney,535260,181276,24,13,16,16,16,16,16,16,16,16,16,15,15,15,14,13,13,12,9,9,9,9,8,9,10,8,8,8,6,9,9,8,8,8,10,11,11,13,14,15,14,15,15,15,14,15,19,19,19
465,Pitfield Street (North)Hoxton,533089,183601,27,23,23,23,23,23,23,23,23,22,22,23,23,22,17,14,10,3,0,0,0,0,0,1,1,1,0,0,10,19,20,21,21,18,17,17,19,26,26,26,26,26,26,26,26,25,26,26,26
466,Whiston Road Haggerston,533519,183488,21,6,6,6,6,6,6,6,6,6,6,5,5,5,5,4,2,0,0,0,1,0,1,2,2,2,8,8,6,6,7,6,12,17,17,15,16,20,20,20,20,20,20,20,20,20,20,20,20
467,Southern Grove Bow,536727,182357,17,16,16,16,16,16,16,16,16,16,16,17,17,17,17,16,15,14,12,12,15,15,15,16,17,17,16,16,14,14,13,13,16,17,17,17,15,17,17,17,17,17,17,17,16,16,16,16,16
468,Cantrell Road Bow,537278,182152,23,16,16,16,17,17,18,18,18,18,18,18,18,18,18,19,19,19,19,17,17,16,16,16,16,16,16,16,15,15,15,15,14,14,14,12,12,13,13,13,14,14,14,17,19,19,19,19,20
469,Lindfield Street Poplar,537456,181289,0,0,0,0,0,0,0,0,0,0,0,0,0,0,0,0,0,0,0,0,0,0,0,0,0,0,0,0,0,0,0,0,0,0,0,0,0,0,0,0,0,0,0,0,0,0,0,0,0
470,Mostyn Grove Bow,537057,183145,46,10,10,10,10,10,10,10,10,10,10,10,10,10,10,10,5,1,0,0,0,0,0,0,0,0,0,1,1,1,2,4,4,4,4,3,4,6,4,6,6,8,9,8,8,8,10,10,12
471,Hewison Street Old Ford,536864,183446,17,10,10,10,10,10,10,10,10,10,10,10,10,9,9,8,7,7,7,6,7,7,6,7,7,7,6,4,5,6,5,5,6,6,6,6,4,3,8,7,8,10,11,13,13,13,14,15,15
472,Malmesbury Road Bow,536913,183020,19,20,20,20,20,20,20,20,20,20,20,20,20,20,20,20,20,20,20,20,20,20,20,20,20,20,20,20,20,20,20,20,20,20,20,20,20,20,20,20,20,20,20,20,20,20,20,20,20
473,Millharbour Millwall,537586,179331,18,14,14,14,14,14,14,14,14,14,14,14,14,14,14,15,15,15,14,13,13,13,13,13,14,16,16,16,16,16,16,16,16,16,16,16,16,15,10,9,12,12,12,12,12,12,12,13,13
474,Castalia Square Cubitt Town,538128,179567,38,38,38,38,38,38,38,38,38,38,38,38,38,38,38,38,38,38,36,36,35,35,34,34,35,35,35,35,33,33,33,33,33,33,33,33,34,35,35,35,35,37,37,37,37,37,37,37,37
475,Lightermans Road Millwall,537522,179653,56,39,39,39,39,39,39,39,39,39,39,39,39,39,39,38,37,37,37,37,38,38,38,38,38,38,38,38,41,41,41,41,41,42,42,42,41,40,41,43,44,43,39,40,40,40,40,40,40
476,Stebondale Street Cubitt Town,538312,178567,29,22,22,22,22,22,22,22,22,22,22,22,22,22,22,22,22,22,22,22,22,22,22,22,22,21,21,21,21,20,19,19,19,20,23,23,23,23,23,25,25,25,25,25,25,25,25,25,25
477,Spindrift Avenue Millwall,537646,178771,36,19,20,20,20,20,20,20,20,20,20,19,19,19,19,17,15,14,12,11,11,10,10,8,8,8,7,8,8,9,6,8,8,11,8,9,9,10,12,12,13,14,13,15,16,16,16,16,16
478,Stepney Green Station Stepney,535614,182144,18,11,11,10,12,12,12,11,9,9,11,13,13,11,9,8,9,9,8,9,10,11,11,10,11,12,10,9,9,7,6,6,4,5,3,2,6,2,3,2,6,9,11,14,14,14,14,15,15
479,Pott Street Bethnal Green,534812,182708,20,3,3,4,5,5,5,5,5,5,5,7,8,8,9,10,7,2,0,0,0,0,1,0,0,1,3,2,2,2,2,2,0,0,6,9,9,15,12,16,14,16,15,13,12,12,13,10,14
480,Flamborough Street Limehouse,536173,181155,24,23,22,21,21,21,21,21,21,21,21,21,21,21,19,18,15,12,8,6,7,7,7,9,10,9,10,9,9,9,10,10,11,11,10,10,11,17,16,16,18,23,23,23,23,23,23,22,21
481,Saunders Ness Road Cubitt Town,538332,178349,34,25,25,25,25,27,27,27,27,27,27,27,26,26,26,26,26,26,22,23,22,22,22,22,22,22,22,21,23,23,25,26,25,22,22,21,26,24,25,29,31,31,31,31,31,31,31,31,31
482,Thornfield House Poplar,537238,180847,26,24,24,24,24,24,24,24,24,24,24,24,24,24,24,24,24,23,22,23,23,23,22,22,22,21,21,21,21,21,21,23,23,23,24,24,24,23,22,22,22,22,22,22,23,23,24,25,25
483,Albert Gardens Stepney,535562,181184,33,24,24,24,23,23,23,23,23,23,23,22,22,22,20,19,16,15,14,12,11,11,11,8,6,8,7,7,7,8,7,6,6,7,7,9,10,11,13,13,12,16,19,19,22,23,24,26,27
484,Bromley High Street Bromley,537910,182978,24,20,21,21,21,21,21,21,21,21,21,22,22,22,22,21,21,20,20,19,18,18,18,18,18,17,17,18,18,18,18,19,20,20,19,19,20,20,21,21,22,22,22,22,22,23,23,23,23
485,Old Ford Road Bethnal Green,535493,183169,24,15,15,15,15,15,15,15,15,15,15,15,15,15,15,13,10,9,5,3,3,2,2,2,2,1,1,1,1,1,1,2,1,1,0,0,0,2,7,9,10,11,10,10,10,12,12,12,13
486,Granby Street Shoreditch,534016,182520,33,20,20,20,20,20,20,20,20,20,20,22,22,21,20,19,17,13,5,2,0,1,0,3,4,5,5,4,4,4,4,7,5,8,7,10,12,13,11,11,11,13,13,13,16,16,16,21,21
487,Canton Street Poplar,537104,181062,21,15,16,16,17,17,17,17,17,17,17,16,16,16,15,14,12,12,10,10,10,9,9,9,9,9,9,8,8,8,10,8,8,7,8,8,11,15,17,16,18,20,19,20,19,19,19,22,22
488,Reardon Street Wapping,534824,180460,22,20,20,20,20,20,20,20,21,21,21,21,21,19,17,14,11,8,2,0,0,0,0,0,2,0,0,1,1,2,4,3,5,5,5,7,8,13,18,18,18,19,19,18,19,19,20,20,20
489,Christian Street Whitechapel,534431,181132,34,22,22,23,23,23,24,24,24,24,24,24,22,21,17,17,17,13,5,0,0,0,1,1,0,0,2,2,3,3,2,3,2,2,4,4,5,7,20,19,20,22,22,22,25,25,26,26,26
490,Pennington Street Wapping,534381,180635,45,40,40,40,40,40,40,40,40,40,40,40,40,39,38,38,33,33,32,35,42,42,42,42,42,42,41,41,41,41,42,43,43,43,43,43,43,43,43,42,43,43,43,43,43,43,43,43,43
491,Queen Marys Mile End,535979,182222,43,21,21,21,24,24,24,24,26,26,26,26,26,26,25,28,28,29,30,31,32,31,32,33,36,38,38,39,38,39,38,35,34,36,36,34,34,31,34,30,31,32,33,30,27,28,26,26,31
492,The Green Bridge Mile End,536372,182475,63,61,61,62,62,62,62,62,62,62,62,62,62,62,62,63,62,60,58,59,61,62,61,60,59,58,60,58,57,54,54,53,53,53,53,53,56,60,59,61,58,60,61,58,59,57,60,57,57
494,South Quay East Canary Wharf,537784,179985,35,10,5,5,5,5,5,5,5,5,5,5,5,5,5,5,5,5,5,5,5,5,5,5,5,5,5,5,5,5,5,5,6,6,6,6,6,6,6,6,6,4,4,3,3,3,2,1,1
495,Bow Church Station Bow,537535,182894,39,38,38,38,38,38,38,38,38,38,38,37,36,36,36,34,33,31,28,26,24,26,25,25,25,25,25,25,26,26,26,29,29,29,28,28,31,33,36,35,35,34,33,32,32,33,34,35,35
496,Devons Road Bow,537761,182561,38,36,36,36,36,36,36,36,36,36,36,36,36,36,36,36,36,33,31,30,29,29,29,30,31,31,31,31,31,31,32,32,32,32,32,34,33,33,33,34,35,36,36,35,35,35,35,36,36
497,Coborn Street Mile End,536852,182694,27,23,23,23,23,23,23,23,23,23,23,25,26,25,25,25,26,26,25,25,25,26,26,26,26,26,26,26,26,26,26,24,24,23,23,23,25,26,26,26,26,26,26,26,26,24,25,25,24
498,Bow Road Station Bow,537081,182759,41,37,37,37,37,37,37,37,37,37,37,37,37,37,37,37,38,36,33,33,32,33,30,29,28,28,29,30,30,29,29,27,26,26,27,29,32,37,40,42,42,41,42,41,41,41,41,42,41
499,Furze Green Bow,537378,181899,35,34,34,34,34,34,34,34,34,34,33,34,34,34,35,34,31,25,24,18,17,16,14,13,13,12,12,14,14,16,17,16,14,11,11,11,15,18,21,24,24,24,24,25,25,25,25,25,26
500,Sidney Street Stepney,534991,181895,42,35,35,34,34,32,32,32,32,32,31,30,30,30,30,31,34,33,29,28,27,27,27,30,27,25,24,23,22,22,24,25,23,23,24,23,22,21,20,24,27,27,27,28,29,29,29,29,27
501,Cephas Street Bethnal Green,535042,182203,22,21,21,21,21,21,22,22,22,22,22,22,22,22,22,22,22,21,16,17,15,16,15,14,14,14,14,14,14,14,14,13,12,14,13,13,14,15,18,21,21,19,19,20,21,21,21,21,21
502,South Quay West Canary Wharf,537334,180048,60,26,26,26,26,26,26,26,27,27,27,28,29,29,29,32,36,37,41,42,43,43,45,45,45,44,43,43,43,44,43,43,43,43,42,40,38,36,30,27,27,26,25,25,25,25,25,25,25
503,Cleveland Way Bethnal Green,535289,182025,36,33,33,33,33,33,33,33,33,33,33,33,33,33,33,32,32,30,27,24,22,23,22,23,22,23,23,21,21,21,21,22,23,25,26,27,26,28,32,33,33,32,32,32,32,30,30,32,32
504,St John's Park Cubitt Town,538269,179385,30,28,28,28,28,28,28,28,28,28,28,28,27,27,26,26,27,26,25,25,25,25,25,26,25,25,25,25,25,25,23,23,23,24,25,25,25,25,25,25,25,24,25,25,25,25,25,25,25
505,Ackroyd Drive Bow,536999,182015,27,23,23,23,23,24,24,24,24,24,24,24,24,24,24,24,21,21,20,19,19,18,18,18,18,18,17,16,17,17,19,19,18,18,18,18,19,21,23,24,24,24,25,24,24,24,24,25,25
506,Bell Lane Liverpool Street,533602,181599,23,9,6,6,6,6,6,6,6,6,6,6,5,5,4,5,9,8,14,19,18,20,21,21,21,21,21,20,18,18,17,15,16,17,18,18,16,7,6,5,0,0,1,1,1,4,4,3,3
507,Clarkson Street Bethnal Green,534732,182878,30,19,19,19,19,19,19,19,21,21,21,22,22,22,21,20,17,16,13,13,11,11,10,11,11,11,10,10,10,10,10,10,6,4,4,4,5,7,7,8,8,9,10,11,11,11,11,11,12
508,Fournier Street Whitechapel,533695,181812,18,0,0,0,0,0,0,0,0,0,0,0,0,0,0,0,1,6,17,18,18,18,17,17,17,17,16,17,15,15,13,14,9,9,8,8,7,2,0,2,1,0,0,0,0,0,0,0,0
509,Fore Street Guildhall,532614,181614,17,0,0,0,0,0,0,0,0,0,0,0,0,1,3,6,12,13,16,17,17,17,17,15,13,14,14,14,16,16,16,15,15,14,13,13,9,2,2,2,0,0,0,0,0,0,0,0,0
510,Westferry DLR Limehouse,537086,180783,39,33,33,33,33,33,33,33,33,33,33,35,36,36,34,33,34,36,38,37,37,38,38,38,38,38,38,38,38,38,38,38,38,34,34,38,38,34,24,27,27,27,28,30,32,32,32,32,33
511,Sutton Street Shadwell,535168,180928,32,12,12,13,13,13,13,13,13,13,13,18,18,17,16,16,16,11,6,5,2,3,3,1,0,2,3,3,3,3,3,4,5,5,5,5,5,8,7,9,23,24,24,25,21,22,22,22,22
512,Pritchard's Road Bethnal Green,534560,183251,30,26,26,25,25,25,25,25,28,28,28,28,28,28,28,24,20,15,10,2,0,1,0,0,0,2,2,1,1,0,2,4,3,2,5,5,8,11,18,21,22,23,24,26,26,25,26,27,27
513,Watney Market Stepney,535013,181275,49,38,38,38,38,40,40,40,40,40,40,40,40,38,37,36,38,34,30,29,29,27,26,24,24,25,26,25,25,25,23,23,25,24,23,23,18,25,24,23,22,20,20,18,21,22,23,25,25
514,Portman Square Marylebone,528078,181316,16,1,1,1,1,1,1,1,1,1,1,2,2,2,2,2,2,5,9,10,9,12,14,12,10,9,12,14,14,14,14,13,14,14,12,9,9,6,5,2,3,5,4,4,4,4,3,4,3
515,Russell Gardens Holland Park,524251,179427,23,9,9,9,9,9,9,9,9,9,9,9,9,8,8,8,8,5,4,2,1,1,0,0,0,0,0,0,0,0,0,0,0,0,0,1,3,7,11,14,14,14,14,15,16,17,17,18,17
516,Chrisp Street Market Poplar,537882,181015,17,8,10,10,10,10,10,10,10,10,9,9,9,9,9,8,10,9,9,11,10,10,10,9,9,10,10,10,10,8,8,7,7,8,9,9,10,11,12,13,15,15,15,15,14,14,15,16,16
517,Ford Road Old Ford,536524,183351,18,15,15,15,15,15,15,15,15,15,15,16,16,16,15,15,16,14,13,11,11,11,12,12,12,13,13,12,11,10,8,9,9,10,10,9,8,7,9,11,12,12,14,14,14,14,14,14,14
518,Antill Road Mile End,536233,182865,28,25,25,25,25,25,25,25,25,25,25,25,25,24,23,22,22,21,21,20,19,19,19,19,19,20,19,19,19,20,17,16,17,17,17,18,18,20,21,26,26,26,25,24,24,23,23,23,24
519,Teviot Street Poplar,538051,181867,32,15,15,15,15,15,15,15,15,15,15,15,15,15,15,15,15,15,15,15,15,16,15,15,15,15,16,15,15,15,14,14,14,14,15,15,15,15,15,15,15,15,15,15,15,15,15,15,15
520,Bancroft Road Bethnal Green,535563,182604,21,8,8,8,10,10,10,10,10,10,10,10,8,8,8,8,7,4,0,1,0,0,0,0,0,0,0,1,1,1,2,2,2,4,4,5,6,6,9,7,9,9,10,10,12,13,12,12,15
521,Driffield Road Old Ford,536222,183524,17,11,11,11,11,11,11,11,11,11,11,12,12,12,12,12,11,4,3,3,3,3,3,2,2,4,4,3,3,3,3,3,5,5,5,8,6,12,12,13,13,14,14,15,15,17,18,18,18
522,Clinton Road Mile End,536341,182614,33,26,26,26,26,26,26,26,26,26,26,26,26,26,26,26,29,26,26,25,26,25,26,28,30,30,30,30,31,31,29,30,29,29,29,29,30,29,34,34,34,34,34,33,33,34,34,34,34
523,Langdon Park Poplar,537936,181495,24,18,18,18,18,18,18,18,18,18,18,18,18,18,18,18,18,18,14,15,15,15,14,13,13,14,14,14,14,14,12,13,11,14,14,15,14,15,14,14,14,16,16,18,19,19,19,19,20
524,Lancaster Gate  Bayswater,526416,180768,37,22,22,22,22,22,23,22,22,22,22,22,21,21,21,21,19,18,16,14,7,5,5,5,15,14,14,14,14,15,15,15,14,14,13,15,14,13,15,19,21,24,24,24,24,26,27,33,35
525,Churchill Place Canary Wharf,537911,180295,18,1,1,1,1,1,1,1,1,1,1,1,1,3,4,6,9,12,16,9,11,5,6,6,6,4,5,6,6,6,6,7,3,2,1,0,4,1,0,0,0,0,0,0,0,0,2,2,2
526,Lancaster Drive Blackwall,538323,180131,25,22,22,22,22,22,22,22,22,22,22,23,23,23,21,21,21,20,20,19,18,17,17,17,16,16,15,16,18,17,17,17,17,16,14,13,14,16,15,15,15,18,18,20,20,20,19,21,21
527,Hansard Mews Shepherds Bush,523929,179833,19,15,15,16,16,16,16,16,16,16,16,16,16,16,17,17,14,12,12,16,14,14,14,14,14,14,14,14,13,13,13,13,13,14,17,12,14,16,16,16,16,14,13,14,13,12,12,12,12
528,Clarges Street West End,528776,180345,16,3,3,3,3,3,3,3,3,3,3,3,3,3,3,4,8,12,12,13,14,14,14,14,11,11,11,10,10,12,12,12,12,12,9,7,4,0,1,1,1,1,1,1,1,1,0,0,0
529,Manresa Road Chelsea,527087,178030,18,4,4,4,4,3,2,1,1,1,2,2,1,1,1,0,0,0,2,3,5,5,5,5,4,3,4,5,5,6,6,4,3,1,1,0,4,6,5,5,4,8,11,13,10,11,10,7,12
530,Newby Place Poplar,538029,180763,15,16,16,16,16,16,16,16,16,16,16,16,16,15,15,15,14,14,16,15,15,13,14,14,13,13,13,12,12,13,14,13,13,13,13,14,13,14,12,11,12,14,14,14,14,14,15,15,15
531,Twig Folly Bridge Mile End,535861,183090,21,15,15,15,15,15,15,15,15,15,15,14,15,14,13,12,9,4,1,1,1,2,2,4,2,1,1,1,1,2,3,6,3,2,3,2,4,9,12,15,16,17,20,19,20,21,21,21,21
532,Jubilee Plaza Canary Wharf,537514,180157,62,3,3,3,3,3,3,3,3,3,3,4,5,6,6,8,13,19,32,43,46,46,45,45,45,45,45,44,43,42,42,40,40,39,38,38,34,27,21,17,12,10,3,5,2,0,0,0,0
533,Wellington Row Bethnal Green,533994,182806,33,22,22,22,22,22,22,22,22,22,22,22,21,21,20,16,15,9,7,2,0,0,0,0,0,1,0,0,0,0,0,0,0,0,0,1,1,8,14,15,16,19,19,19,20,21,21,20,21
534,Goldsmiths Row Haggerston,534241,183218,27,24,24,24,24,24,24,24,24,24,23,23,22,22,21,20,17,10,6,2,0,1,1,0,0,0,0,0,1,0,0,0,0,2,3,1,2,5,13,13,16,17,17,18,21,21,21,22,22
535,Gloucester Avenue Camden Town,528599,183682,24,13,14,14,14,14,14,14,14,14,14,13,13,13,13,10,6,5,1,1,1,1,1,1,7,7,4,4,4,5,5,5,3,2,4,1,3,6,10,9,11,12,14,14,15,11,13,13,13
536,Queensbridge Road Haggerston,533966,183431,34,9,10,11,11,11,11,11,11,11,11,11,11,11,11,11,8,0,0,0,12,20,16,16,14,11,10,10,10,10,11,11,10,10,9,9,9,11,16,20,21,21,22,24,25,25,26,28,29
537,Old Montague Street Whitechapel,534150,181664,17,8,8,10,10,10,10,10,10,10,10,10,10,10,8,7,4,3,0,0,3,3,3,3,4,4,6,8,8,6,6,8,8,8,8,3,4,6,7,8,8,8,10,10,11,11,12,10,10
538,Naval Row Blackwall,538405,180783,20,18,18,18,18,18,18,18,18,18,18,19,19,19,19,18,17,16,15,17,17,17,18,18,18,18,18,17,16,16,16,16,15,15,15,14,15,15,15,15,15,15,16,16,16,16,17,18,18
539,Hoxton Station Haggerston,533559,183113,22,0,0,0,0,11,11,11,11,11,11,11,10,9,8,9,5,0,0,0,0,0,0,0,1,0,1,1,1,2,3,1,1,1,2,1,4,9,11,15,17,21,22,21,21,20,18,18,18
540,Albany Street Regent's Park,528811,182681,26,11,11,11,11,11,11,11,11,11,11,12,12,11,11,12,10,10,8,8,8,7,6,6,4,3,3,4,5,5,4,6,6,6,6,6,8,11,12,13,13,13,13,13,13,12,12,13,13
541,Green Park Station West End,528985,180272,28,11,10,9,10,10,10,10,6,6,6,6,6,6,7,10,11,17,20,23,23,21,23,23,23,23,18,18,18,20,20,18,23,23,19,24,22,22,19,23,24,23,22,23,22,22,22,22,21
542,Salmon Lane Limehouse,536528,181303,33,33,33,33,33,33,33,33,33,33,33,32,32,32,31,31,30,28,25,24,24,24,24,25,23,23,23,23,23,21,22,22,20,19,17,16,17,20,22,25,25,27,30,31,31,31,31,31,30
543,Lansdowne Walk Notting Hill,524687,180496,20,0,0,0,0,0,1,1,1,1,1,1,1,1,1,1,1,1,0,0,0,0,0,0,0,0,0,0,3,3,3,3,2,2,2,2,5,7,3,5,5,5,3,3,3,2,2,2,2
544,Percival Street Finsbury,531749,182517,20,16,17,16,16,16,16,16,16,16,15,15,14,14,14,12,11,11,5,4,9,11,12,12,13,13,15,15,16,16,16,17,17,17,18,17,16,11,8,9,8,7,6,9,9,9,10,11,11
545,Arlington Road Camden Town,528724,183975,24,20,20,19,19,19,19,19,19,19,19,19,19,19,19,19,19,13,15,14,11,13,14,12,12,10,12,15,16,14,16,18,18,17,18,21,21,18,19,19,20,23,23,22,23,23,20,18,18
546,New Fetter Lane Holborn,531373,181536,17,0,0,0,0,0,0,0,0,0,0,0,1,1,1,4,7,15,16,16,16,16,16,14,15,16,14,15,16,14,15,16,13,14,11,4,0,0,0,0,0,0,2,0,0,0,0,0,1
547,East India DLR Blackwall,538731,180847,49,44,44,44,44,43,44,44,44,44,44,45,45,44,44,44,43,41,40,40,38,38,37,37,36,37,36,36,36,36,37,36,35,35,35,36,36,39,41,43,45,41,41,41,41,41,41,44,44
548,Westminster Bridge Road Elephant & Castle,531433,179419,26,21,21,21,21,21,21,21,21,21,21,21,21,20,20,20,20,20,21,19,21,20,20,21,22,21,22,22,21,21,21,22,22,22,21,18,15,18,16,16,16,16,18,18,18,19,19,19,19
549,Gaywood  Street Elephant & Castle,531698,179166,45,38,39,39,39,39,39,39,39,39,39,40,40,40,40,40,40,38,37,37,37,37,37,37,36,36,36,36,36,35,35,34,35,34,33,35,36,36,34,35,35,36,37,39,39,39,39,42,42
550,Harford Street Mile End,536128,182121,21,20,21,21,22,22,22,22,22,22,22,22,22,22,21,21,21,20,18,19,19,19,18,16,16,16,15,14,15,15,15,16,17,17,15,12,12,13,11,11,12,10,12,13,13,13,12,13,13
551,Montgomery Square Canary Wharf,537781,180150,39,2,0,0,0,0,0,0,0,0,0,0,0,0,1,1,1,5,11,18,19,19,19,19,20,19,19,19,19,20,20,20,18,18,19,17,15,13,11,4,1,0,1,0,0,0,0,0,0
552,Watney Street Shadwell,534951,180975,27,8,8,7,7,7,7,7,7,7,7,7,6,6,6,8,11,12,9,5,5,5,5,4,4,2,5,3,5,5,5,3,3,5,7,8,8,11,11,4,5,5,6,6,5,5,7,7,7
553,Regent's Row  Haggerston ,534472,183648,23,4,3,1,2,2,2,2,2,2,2,2,2,2,2,0,0,0,0,0,0,0,0,1,0,0,1,3,3,8,8,9,9,7,7,10,15,19,22,21,21,19,20,22,22,18,18,18,22
554,Aberfeldy Street Poplar,538484,181293,16,8,8,8,8,8,8,8,8,8,8,8,8,8,7,7,7,7,6,4,3,3,3,3,2,3,3,3,3,3,3,3,4,4,5,6,6,8,10,10,10,10,11,11,11,11,11,11,11
555,Westfield Eastern Access Road Shepherd's Bush,523643,180452,54,4,4,4,4,4,4,4,4,4,4,4,4,4,4,4,5,5,5,6,5,5,5,5,5,5,5,5,5,6,6,6,6,6,6,5,6,6,7,6,6,6,6,6,6,6,6,6,6
556,Heron Quays DLR Canary Wharf,537411,180053,27,1,1,1,1,1,1,1,1,1,1,1,2,2,2,4,5,6,11,11,15,15,15,15,15,15,15,15,15,15,15,15,15,15,15,15,15,15,11,8,8,8,7,6,6,7,7,7,7
557,King Edward Street St Pauls,532035,181395,20,1,1,1,1,0,0,0,0,0,0,0,0,1,2,6,5,5,7,16,18,18,18,17,15,14,13,14,14,15,15,13,11,12,12,9,7,2,0,2,0,0,0,0,0,0,0,0,0
558,John Islip Street Westminster,530127,178863,19,13,13,13,14,14,14,14,14,14,14,15,15,15,16,16,9,12,14,15,15,14,14,14,15,15,15,13,15,15,15,15,15,13,11,7,8,2,3,2,1,3,3,3,3,4,3,3,3
559,Abbotsbury Road Holland Park,524617,179581,23,6,6,6,6,7,7,7,7,7,7,8,8,8,9,9,8,8,7,7,7,6,7,7,7,7,7,7,7,7,7,7,8,8,7,7,6,6,7,7,8,8,8,8,8,7,7,7,7
560,Ladbroke Grove Central Notting Hill,524594,180720,21,3,3,3,3,3,3,3,3,3,3,3,3,3,2,2,1,0,0,0,0,0,7,7,5,4,3,3,3,4,4,2,2,1,2,1,1,2,3,3,4,2,1,1,1,1,1,3,4
561,Rectory Square Stepney,535853,181758,19,18,19,19,19,19,19,19,19,19,19,19,19,19,19,18,15,13,11,11,8,7,8,9,11,12,12,12,12,13,12,12,11,12,14,13,15,16,18,19,19,18,19,19,19,17,17,18,18
562,Bury Place Holborn,530307,181512,20,8,8,7,7,7,7,7,7,7,7,7,7,7,7,9,10,13,18,19,20,20,20,20,20,20,20,14,16,19,19,19,18,16,14,14,9,6,4,4,2,1,1,0,0,0,0,0,0
563,Preston's Road Cubitt Town,538285,179701,26,20,20,20,20,20,20,20,20,20,20,20,20,20,20,20,20,20,18,18,19,19,19,19,19,19,19,19,19,19,19,19,19,19,19,18,18,19,19,18,18,18,20,21,21,21,21,22,22
564,Somerset House Strand,530726,180686,38,0,0,0,0,0,0,0,0,0,0,1,1,1,1,1,3,5,7,11,12,12,12,12,12,18,24,23,23,23,22,22,21,21,21,22,24,24,24,18,21,19,19,19,18,16,15,14,13
565,Selby Street Whitechapel,534454,182115,17,17,17,17,17,17,17,17,17,17,17,17,17,17,17,17,17,17,15,14,13,13,13,13,13,14,14,14,14,14,14,14,14,13,13,13,15,17,17,16,17,17,17,17,17,17,17,17,17
566,Westfield Ariel Way White City,523339,180415,41,16,16,16,16,16,16,16,16,16,16,17,17,17,17,17,18,19,19,20,22,12,12,12,12,11,11,10,13,13,13,12,12,11,10,9,10,9,9,10,10,11,11,11,11,11,11,11,11
568,Bishop's Bridge Road West Bayswater,525897,181256,16,1,1,1,1,1,1,1,1,1,1,0,1,1,0,0,2,5,0,0,1,0,0,0,2,2,0,4,3,3,2,2,3,1,1,1,3,3,7,9,10,9,7,8,8,8,8,8,8
569,Pitfield Street Central Hoxton,533064,183216,21,22,22,22,22,22,22,22,22,22,22,22,22,21,21,19,16,14,4,1,1,1,0,0,0,0,0,2,0,7,7,6,6,4,6,6,8,13,20,21,21,21,22,22,22,22,22,22,22
570,Upper Bank Street Canary Wharf,537682,180107,35,1,1,1,1,1,1,1,1,1,1,1,1,2,3,4,6,6,13,13,15,15,16,15,16,17,17,17,18,15,16,16,16,16,16,16,12,4,4,1,1,0,0,0,0,0,0,0,0
571,Westfield Southern Terrace Shepherd's Bush,523747,180102,29,25,25,25,25,25,25,25,25,25,25,25,25,25,25,24,24,14,6,4,4,4,4,1,1,2,2,3,3,4,3,5,6,5,5,4,6,6,8,10,12,14,13,13,13,13,13,13,13
572,Greenland Road Camden Town,528971,183886,36,22,22,22,21,22,22,22,22,24,24,25,25,24,25,25,22,22,16,17,13,14,15,15,12,11,13,8,8,11,13,11,16,18,18,15,18,20,26,29,30,30,31,33,33,33,31,24,23
573,Limerston Street Chelsea,526382,177867,18,4,4,4,4,4,4,4,4,4,4,4,4,3,3,3,1,0,0,1,2,2,3,4,5,5,5,5,4,2,4,6,4,8,10,9,11,13,14,14,16,16,15,15,16,16,15,17,17
574,Eagle Wharf Road Hoxton,532355,183357,45,16,16,16,16,16,17,17,17,17,17,17,17,15,13,9,2,0,3,1,0,1,2,3,6,6,6,6,7,8,9,8,6,6,6,11,14,22,24,30,38,40,44,36,37,40,39,40,40
576,Alpha Grove Millwall,537344,179455,23,23,23,23,23,23,23,23,23,23,23,23,23,23,23,21,21,21,20,20,20,20,20,20,20,21,21,19,19,20,20,19,18,19,19,19,22,21,22,23,23,23,23,23,22,22,23,23,23
577,Globe Town Market Bethnal Green,535532,182919,20,18,18,16,16,16,16,16,16,16,16,15,15,15,14,14,12,9,7,8,5,4,4,4,4,2,0,1,1,0,1,0,1,0,1,1,2,7,11,14,13,13,15,16,16,17,16,16,16
578,Hollybush Gardens Bethnal Green,534871,182761,32,23,23,23,23,23,23,23,23,23,23,23,23,22,23,23,23,21,14,11,9,8,8,7,6,4,4,4,4,3,3,3,2,2,5,7,6,7,6,12,10,8,7,8,9,9,9,10,11
579,Queen Street 2 Bank,532427,180876,35,5,5,6,6,6,6,6,6,6,6,6,7,8,13,9,15,16,15,17,19,21,21,21,21,13,15,17,19,18,17,18,16,12,9,3,0,11,17,11,8,4,4,3,2,0,0,0,0
581,New Cavendish Street Marylebone,528593,181659,18,3,4,4,4,4,4,4,4,4,4,4,4,5,5,4,5,9,11,14,15,17,17,17,16,17,14,13,14,16,16,16,16,14,16,16,16,11,7,10,8,7,7,8,8,8,6,6,6
583,Abingdon Green Great College Street,530181,179302,20,4,4,4,4,4,4,1,1,1,1,1,1,2,3,3,6,11,18,19,19,19,17,16,16,19,17,17,20,20,19,15,15,14,8,3,0,11,12,10,10,1,1,1,1,1,1,1,2
584,Ilchester Gardens Bayswater,525630,180836,21,10,10,10,10,10,9,10,10,10,10,10,10,10,10,7,5,0,0,1,1,0,0,0,0,0,0,5,5,5,5,5,5,7,8,8,7,12,11,12,15,19,17,18,18,18,17,16,16
586,Mudchute DLR Cubitt Town,537934,178730,31,16,16,16,16,16,16,16,16,16,16,16,16,16,16,16,16,16,14,13,14,14,14,14,14,14,14,15,14,14,14,14,14,14,14,12,13,12,12,13,14,14,14,14,14,13,13,13,13
587,Monument Street Monument,532992,180711,20,2,2,2,2,2,2,2,2,2,2,3,3,3,3,3,1,4,10,14,14,16,15,15,15,17,17,15,15,17,16,17,17,16,14,14,7,2,0,3,4,2,2,4,4,3,2,2,2
588,Hoxton Street Hoxton,533272,182939,26,5,5,5,5,5,5,5,5,5,5,5,5,3,3,1,1,1,10,10,11,11,12,12,12,11,10,10,9,10,8,8,8,9,9,9,8,10,12,14,14,15,16,16,16,16,17,17,16
589,Drayton Gardens Chelsea,526504,178049,17,4,5,5,5,5,5,5,5,5,5,6,5,5,6,6,6,3,2,2,4,2,1,1,1,1,3,4,4,4,4,0,1,1,1,2,2,4,5,12,10,11,10,10,14,10,10,10,10
590,Greenberry Street St.John's Wood,527124,183112,24,5,5,5,5,5,5,5,5,5,5,12,12,12,11,11,11,9,8,6,3,2,0,0,0,0,0,0,1,1,1,1,1,1,1,1,8,9,9,10,10,10,10,12,12,13,14,14,17
591,Westfield Library Corner Shepherd's Bush,523339,180074,27,10,12,12,12,12,12,12,13,13,13,13,13,13,13,13,13,12,11,12,5,2,2,2,2,1,1,1,1,1,2,1,0,1,1,1,1,2,2,4,7,8,8,8,9,9,8,8,8
592,Bishop's Bridge Road East Bayswater,526116,181367,19,17,17,17,16,17,17,18,18,18,18,19,19,20,20,16,16,16,16,16,16,14,15,15,15,15,12,11,11,11,10,10,10,9,10,10,5,4,5,3,3,4,4,4,6,6,8,10,11
593,Northdown Street King's Cross,530546,183033,21,18,18,18,18,18,18,18,18,18,18,17,17,17,17,14,14,10,8,2,0,0,0,2,2,1,3,3,5,7,6,6,5,6,7,10,15,18,19,19,18,19,20,19,20,20,20,20,20
594,Kingsway Southbound Strand,530704,181123,32,5,5,5,5,5,5,3,3,3,3,3,3,3,5,5,6,8,10,12,15,17,20,19,19,21,24,26,25,24,24,26,27,28,24,23,20,13,6,4,0,0,0,0,0,0,0,0,0
595,Hammersmith Road  Hammersmith,523677,178654,22,0,0,0,0,0,0,0,0,0,0,0,0,0,0,0,0,0,0,0,0,0,0,0,0,0,0,0,0,0,0,0,0,0,0,0,0,0,0,0,0,0,0,0,0,0,0,0,0
606,Addison Road  Holland Park,523700,179865,26,0,0,0,0,0,0,0,0,0,0,0,0,0,0,0,0,0,0,0,0,0,0,0,0,0,0,0,0,0,0,0,0,0,0,0,0,0,0,0,0,0,0,0,0,0,0,0,0
607,Putney Bridge Station  Fulham,524408,175952,0,0,0,0,0,0,0,0,0,0,0,0,0,0,0,0,0,0,0,0,0,0,0,0,0,0,0,0,0,0,0,0,0,0,0,0,0,0,0,0,0,0,0,0,0,0,0,0,0
